风场图/AgeDiffAve0020-8099_-180-180.txt
ncols           720
nrows           360
xllcorner      -180
yllcorner       -90
cellsize        0.5
NODATA_value  -9999
[rows 93 to 123 of 360, columns 630 to 699 of 720]
1.4608 1.6969 1.8222 1.1381 1.0576 3.3368 3.3542 3.1442 3.2449 2.7928 0.0000 0.0000 0.0000 0.0000 0.0000 0.0000 0.0000 0.0000 0.0000 0.0000 0.0000 0.9167 0.8458 0.6382 0.5685 0.3011 0.1612 -0.6321 -0.5315 -0.8348 -0.9256 -1.0071 -0.9102 -1.0894 -0.8982 -0.8965 -0.7049 -0.7094 -0.6827 -0.6002 -0.7285 -0.6642 0.3443 0.2587 0.2393 -0.4235 -0.3598 -0.2991 -0.3294 -0.3431 -0.5509 -0.5541 -0.5520 0.5158 0.5354 0.5547 0.4340 0.3507 0.3085 -0.6063 -0.5900 -0.7201 -0.6273 -0.6213 -0.4666 -1.2348 -1.2750 -1.1392 -0.7793 -0.7068
2.3221 2.3734 2.4571 1.7102 0.6489 1.2952 3.4734 3.3337 3.0744 0.0000 0.0000 0.0000 0.0000 0.0000 0.0000 0.0000 0.0000 0.0000 0.0000 0.0000 0.0000 0.6965 0.6907 0.7192 0.4709 0.3529 0.0991 -0.2923 -0.6015 -0.8326 -1.0331 -0.9296 -0.8500 -0.8902 -0.7416 -0.7529 -0.7979 -0.7259 -0.5159 -0.6467 -0.4474 0.5996 0.6163 0.0068 -0.0439 -0.1809 -0.1524 -0.0241 -0.1270 -0.2978 -0.5105 0.3481 0.3893 0.4885 0.4886 0.5154 0.5219 0.3340 0.2499 0.1419 0.1266 -0.4227 -0.5673 -0.6172 -0.7086 -0.6471 -1.4464 -1.0907 -1.0389 -0.7449
2.1825 1.3827 1.5579 1.6170 1.8441 1.8325 3.0590 3.2795 2.8619 0.0000 0.0000 0.0000 0.0000 1.1396 0.0000 0.0000 0.0000 0.0000 0.4681 -0.4784 -0.5080 -0.5610 0.6713 0.6002 0.4617 0.2410 -0.2151 -0.2484 -0.2661 -0.8990 -0.8506 -0.9065 -0.8526 -0.7262 -0.9001 -0.9247 -0.9026 -0.4785 -0.4155 0.8120 0.8763 0.0746 -0.0727 0.0692 0.0055 -0.0765 0.1004 -0.0568 -0.1819 -0.3263 0.4934 0.4600 0.3255 0.3825 0.3666 0.1847 0.1611 0.2717 -0.2022 -0.3558 -0.2112 -0.2798 -0.4224 -0.4382 -0.7361 -0.7584 -0.3292 -1.2034 -1.0019 -0.6651
1.2412 1.3673 1.2697 1.4463 1.6704 1.6259 1.4670 2.6624 1.6972 1.6585 0.0000 0.0000 0.9686 1.1054 1.1871 0.5746 0.1800 0.1218 -0.5560 -0.6019 -0.7665 -0.7298 -0.6040 -0.6337 -0.5879 -0.0087 -0.2261 -0.3418 -0.3733 -0.5437 -0.6835 -0.6512 -0.6198 -0.7429 -0.6641 -0.7175 -1.1982 -1.0705 0.1049 -0.0463 -0.0592 -0.0427 -0.0406 0.0422 0.0698 0.0792 0.0101 -0.0442 -0.1476 0.8276 0.5940 0.5014 0.3624 0.2860 0.1922 -0.5254 -0.4608 -0.3961 -0.0899 0.0237 -0.0412 -0.1006 -0.2218 -0.3290 -0.3651 -0.2054 -0.3477 -1.2485 -1.0608 -0.7820
1.2771 1.2951 1.3791 1.6772 1.5525 1.3481 0.2361 0.3731 1.5904 1.6889 0.0000 0.0000 1.0923 2.0582 0.5358 0.5733 0.3191 -0.6358 -0.8640 -0.7595 -0.9194 -0.8566 -0.9900 -1.2019 -1.2513 -1.1680 -1.3365 -0.4354 -0.5794 -1.3762 -1.3440 -1.3042 -1.3380 -1.4758 -1.4775 -1.3722 -1.2455 -0.0751 -0.2462 -0.0693 -0.0096 0.0173 -0.0274 -0.1683 -0.1433 -0.2215 -0.1511 -0.1797 0.9679 0.8506 0.7067 0.5397 -0.5222 -0.6059 -0.6407 -0.4584 -0.5082 -0.3393 0.0605 0.0524 0.0823 -0.0851 -0.1073 0.0481 0.0533 -0.1137 -0.1716 -1.0831 -0.9021 -0.8559
1.5319 1.6429 1.6194 1.7843 1.5267 0.2929 0.1507 0.1930 1.5766 0.0000 0.0000 0.0000 0.0000 0.0000 0.3132 -0.7944 -0.6278 -0.9193 -1.0980 -0.9532 -0.7963 -0.9147 -1.3726 -1.3603 -1.3427 -1.3379 -1.3759 -1.6861 -1.5495 -1.6141 -1.6745 -1.5985 -1.4300 -1.3699 -1.3067 -1.3910 -0.3169 -0.2896 -0.0699 -0.1010 0.0285 0.1401 0.1552 -0.0148 -0.0370 -0.2646 -0.2764 0.6941 0.8572 0.7692 0.4523 -0.3628 -0.5871 -0.4574 -0.5297 -0.5316 -0.4774 -0.1974 -0.1806 -0.0312 0.0234 0.1583 0.3555 -0.1317 -0.2524 -0.2311 -0.1831 -0.2266 -1.0434 0.1200
1.7519 1.7089 1.7986 0.6381 0.4632 0.3549 0.0945 0.3423 1.6269 0.0000 0.0000 0.0000 0.0000 0.0000 0.0000 -0.9148 -0.9548 -0.7999 -0.9406 -0.7966 -0.7696 -1.1743 -1.2856 -1.3208 -1.4615 -1.6684 -1.7456 -1.5366 -1.6263 -1.6229 -1.6440 -1.6697 -1.4051 -1.3816 -1.2204 -0.1077 -0.1177 -0.0139 -0.0359 0.0365 0.1851 0.2648 0.1354 -0.0419 -0.0445 -0.1767 0.8060 0.8137 0.6198 -0.3926 -0.3085 -0.3826 -0.3877 -0.4838 -0.5739 -0.4674 -0.4874 -0.3103 -0.2747 -0.1830 -0.1340 0.1139 -0.0013 -0.1188 -0.2940 -0.2071 -0.2182 -0.1990 -1.1589 -0.2205
1.7709 1.6229 0.5572 0.4077 0.4103 0.3034 0.2799 0.4093 0.3393 0.0000 0.0000 0.0000 0.0000 0.0000 0.0000 -0.9971 -0.6216 -0.4957 -0.9173 -1.1104 -1.1922 -1.1398 -1.2617 -1.5369 -1.5707 -1.8485 -1.7980 -1.7562 -1.7663 -1.7434 -1.5295 -1.4756 -1.2645 -1.1181 0.0418 0.0952 0.1676 0.0522 0.0027 0.0221 0.1918 0.1381 0.0535 0.0428 0.0139 0.1066 1.0208 -0.0597 -0.2315 -0.4534 -0.4127 -0.3314 -0.4323 -0.4876 -0.3972 -0.3990 -0.2536 -0.0697 -0.1382 -0.1925 -0.1066 -0.1003 -0.2957 -0.2377 -0.3493 -0.3107 -0.4079 -1.3709 -1.2311 -0.7673
1.8779 0.6064 0.3990 0.4846 0.4678 0.3925 0.1165 0.1517 0.0748 0.0000 0.0000 0.0000 0.0000 0.0000 -1.0900 -0.7701 -0.5630 -0.5777 -0.6507 -0.9575 -1.0391 -1.1700 -1.3601 -1.6558 -1.8061 -1.9488 -1.8169 -1.7265 -1.7541 -1.5517 -1.3547 -1.1941 -1.2613 -0.0176 0.0716 0.0994 0.2351 0.1811 0.0683 0.0240 0.1991 0.2381 0.2706 0.1299 0.2403 1.2308 0.1368 -0.2331 -0.3084 -0.4520 -0.4906 -0.2245 -0.2235 -0.3323 -0.3762 -0.3041 -0.2083 -0.2857 -0.2008 0.0144 -0.2801 -0.1628 -0.1002 -0.3303 -0.4375 -0.5791 -0.5995 -1.7919 -0.8248 -0.8629
0.2705 0.0870 0.0423 0.2300 0.1220 0.1022 -0.0978 -0.0869 0.2498 0.0000 0.0000 0.0000 0.0000 0.0000 -0.9371 -0.7098 -0.5549 -0.5866 -0.8059 -1.0845 -1.3368 -1.4874 -1.5189 -1.4885 -1.3701 -1.6088 -1.5861 -1.2995 -1.3487 -1.2993 -1.2915 -1.3176 0.1022 0.1281 0.1786 0.1320 0.1762 0.1062 0.1451 0.1385 0.2159 0.3139 0.2426 0.1470 1.0756 0.1209 0.1209 0.1214 -0.1269 0.0084 0.0476 -0.1596 -0.2102 -0.2077 -0.1488 -0.1280 -0.3526 -0.2836 -0.1332 -0.1630 -0.1637 -0.2928 -0.3089 -0.4241 -0.6636 -0.7057 -0.8093 -0.6337 -0.6772 -0.6905
0.0778 -0.1928 -0.1422 0.0593 0.0702 -0.0375 0.0000 0.0000 0.0000 0.0000 0.0000 0.0000 0.0000 -1.0294 -0.7095 -0.6756 -0.9172 -0.9289 -1.0227 -1.3083 -1.5706 -1.6938 -1.3599 -1.2951 -1.4264 -1.2794 -1.2419 -1.1836 -1.1378 -1.2410 -1.2306 -0.1364 0.0833 0.0839 0.0456 0.0019 0.2760 1.5638 1.5239 1.5431 0.2811 0.3771 0.3692 0.5587 0.3184 0.1582 0.2189 0.2190 0.1378 0.0002 -0.1355 -0.1085 -0.1463 0.0070 -0.3829 -0.6235 -0.5445 -0.4414 -0.3220 -0.0235 -0.0588 -0.0560 -0.3029 -0.4457 -0.6073 -0.6387 -2.0437 -0.7818 -0.8115 -0.7870
-0.0165 -0.1436 -0.1001 -0.2542 0.0216 0.1438 0.0000 0.0000 0.0000 0.0000 0.0000 0.0000 0.0000 0.2754 0.1779 0.1990 0.1098 -0.1244 -0.0450 -1.5204 -1.6838 -1.5124 -1.5873 -1.4208 -1.4330 -1.4385 -1.2599 -1.0009 -1.0250 0.0660 1.2809 1.2736 1.2272 1.1690 1.2181 1.2219 1.5563 1.6202 1.5911 0.3775 0.2916 0.3533 0.3511 0.3831 0.2998 0.2508 0.2787 0.4199 0.2806 0.0498 0.0294 -0.2494 -0.3002 -0.4525 -0.3709 -0.2708 -0.3077 -0.1537 -0.0753 0.1172 0.2669 0.1598 -0.0633 -0.2856 -0.7020 -1.6254 -0.4284 -0.7532 0.3411 0.4944
0.0503 -0.1584 -0.4298 0.0000 0.0000 0.0000 0.0000 0.0000 0.0000 0.0000 0.0000 0.0000 0.0000 0.2884 0.4359 0.3103 0.2276 0.0534 -0.0379 -0.3140 -0.2176 -1.3835 -1.4161 -1.3322 -1.2787 -1.1310 -1.0086 -0.9776 -0.9056 -0.8230 1.5052 1.4178 1.3353 1.2068 1.1523 1.0967 1.4581 1.6225 0.3159 0.2356 0.3166 0.2637 0.3600 0.3103 0.3934 0.4592 0.5007 0.4046 0.5111 0.0778 -0.2298 -0.3989 -0.4675 -0.3072 -0.1893 -0.0210 -0.0748 -0.1606 -0.1548 0.1221 0.3176 0.1938 -0.0368 -0.2752 -1.2841 -0.1514 0.7045 0.3050 0.3632 0.2456
-0.0931 -0.1827 -0.1137 0.0000 0.0000 0.0000 0.0000 0.0000 0.0000 0.0000 0.0000 0.0000 0.2611 0.4628 0.6498 0.5706 0.4911 0.4490 0.4155 0.2256 -0.0749 -0.1613 -1.4162 -1.3530 -1.1762 -1.1044 -1.0562 -0.9296 -0.7755 0.4574 1.6182 1.6601 1.5052 1.5091 1.4377 1.3626 1.3578 0.1924 0.3974 0.3726 0.3288 0.4337 0.5392 0.4548 0.5573 0.4587 0.3394 0.4026 0.3210 -0.0738 -0.2375 -0.2168 -0.1182 -0.0550 -0.0185 -0.0804 -0.1445 -0.1579 -0.0462 0.0431 -0.0524 -0.2312 -1.4897 -1.4943 -0.4016 0.9210 0.9352 0.6804 1.7652 3.1037
0.3316 0.1669 0.0000 0.0000 0.0000 0.0000 0.0000 0.0000 0.0000 0.0000 0.0000 0.0000 0.3965 0.5806 0.6650 0.5411 0.4284 0.5791 0.6072 0.3497 0.1706 0.0075 0.0051 -1.3479 -1.2901 -0.9837 -0.9310 -0.8212 -0.7258 0.5169 1.8259 1.8389 1.8718 1.8087 1.8516 1.6114 1.6180 0.3012 0.5179 0.4595 0.4598 0.4660 0.4634 0.4480 0.4418 0.4755 0.1859 0.1119 0.0577 -0.1698 -0.2908 -0.0845 -0.1332 -0.3060 -0.2506 -0.1543 -0.2244 -0.1546 -0.2682 -0.2841 -1.3729 -1.6025 -0.4305 -0.4877 0.8606 2.1124 2.1305 2.1455 1.7297 1.7157
0.0000 0.0000 0.0000 0.0000 0.0000 0.0000 0.0000 0.0000 0.0000 0.0000 0.0000 0.3506 0.5788 0.5990 0.5008 0.5327 0.4682 0.5183 0.3898 0.3814 0.1760 0.0726 0.0890 0.1439 -1.0751 -0.9100 -0.8764 -0.8332 0.4869 0.4967 1.8815 2.0315 2.1698 2.2426 0.9245 0.7467 0.7495 0.6843 0.6187 0.6881 0.6161 0.3598 0.4139 0.1196 0.1699 0.0212 0.0316 -0.0770 -0.0716 -0.1550 -0.1386 -0.1187 -0.3603 -0.4305 -0.3222 -0.2910 -0.3111 -0.3922 -1.6728 -1.7135 -1.8140 -0.5196 -0.4241 0.6393 1.9638 1.9668 2.0363 2.1521 2.2554 1.8827
0.0000 0.0000 0.0000 0.0000 0.0000 0.0000 0.0000 0.0000 0.0000 0.0000 0.6057 0.8105 0.7870 0.7313 0.5590 0.4895 0.4945 0.4171 0.3967 0.2843 0.3669 0.3359 0.3879 0.4647 0.4682 -0.8450 -0.8072 -0.8171 0.4994 0.5284 2.1068 2.2441 0.9408 0.8963 0.9823 0.7464 0.7543 0.5787 0.5213 0.4127 0.3124 0.1969 0.0009 -0.0881 -0.0626 -0.0807 -0.2553 -0.2220 -0.2026 -0.0963 -0.0913 -0.2945 -0.4892 -0.4392 -0.4187 -0.3957 -1.8646 -1.8608 -0.5405 -0.6148 -0.6447 -0.7021 0.6019 1.7913 2.1043 2.1897 2.1147 2.1362 3.3711 2.2053
0.0000 0.0000 0.0000 0.0000 0.0000 0.0000 0.0000 0.0000 0.0000 0.5464 0.7231 0.7746 0.6662 0.5892 0.4694 0.3079 0.3012 0.3051 0.2804 0.3824 0.3351 0.4741 0.5459 0.5276 0.5226 -0.9711 -0.9156 -0.8803 0.6567 0.6445 0.8254 0.8256 0.8069 0.9351 0.8010 0.7346 0.6955 0.5451 0.5171 -0.8980 -0.9515 -1.0154 -1.2524 -1.1878 -1.2834 -1.3405 -1.4848 -0.2509 -0.3445 -0.2501 -0.3311 -0.1948 -0.5080 -0.4833 -0.4973 -1.7346 -1.5441 -1.4862 -1.2327 -1.4542 -1.5251 -0.4069 1.3429 1.3965 2.2553 1.0670 1.0069 1.0637 1.1422 2.2811
0.0000 0.0000 0.0000 0.0000 0.2345 0.3380 0.3269 0.4010 0.6586 0.5097 0.5087 0.4255 0.4218 0.3569 0.3762 0.2799 0.3153 0.2847 0.3591 0.3780 0.4288 0.4259 0.5570 0.5804 0.6126 0.6320 -0.7714 0.6635 0.6238 0.7039 0.7953 0.8430 0.8127 0.7528 0.5934 0.6511 0.5570 0.6286 -0.7938 -1.0795 -1.0238 -1.1439 -1.0633 -1.1435 -1.0557 -1.3552 -1.4358 -1.2680 -1.3465 -1.4066 -1.3957 -1.4071 -1.5609 -1.5610 -2.8512 -2.7753 -2.7208 -2.4990 -2.6491 -2.6694 -1.3640 -1.1962 0.3369 0.2493 0.2384 0.1649 0.0795 0.1027 0.1914 -0.9099
0.0000 0.0000 0.0000 0.4469 0.2791 0.2959 0.3689 0.4268 0.5097 0.4804 0.4503 0.3437 0.2488 0.2333 0.2433 0.2711 0.1986 0.2432 0.2728 0.3582 0.2883 0.4545 0.4890 0.5579 0.7266 0.6061 -0.7714 0.5368 0.4874 0.6396 0.7439 0.7514 0.5721 0.5071 0.4530 0.4709 0.4416 0.4277 -1.0321 -1.0016 -1.0281 -0.9974 -1.0574 -1.1083 -1.1577 -1.0142 -1.1110 -1.2573 -1.4728 -1.3970 -1.3899 -1.3993 -1.4174 -2.8872 -2.7665 -2.7026 -2.7096 -1.3630 -1.3011 -1.3558 -1.0423 -0.4836 -0.4394 -0.7628 -0.6908 -0.7150 -0.7703 -0.6454 -1.0075 -2.2494
0.3995 0.4220 0.4126 0.3873 0.3206 0.4207 0.4709 0.4280 0.3865 0.3438 0.3344 0.3748 0.3220 0.3100 0.3703 0.2715 0.2599 0.1625 0.2424 0.1883 0.3038 0.4945 0.4885 0.5455 0.5440 0.5605 -0.9628 0.5584 0.5947 0.6240 0.5593 0.4633 0.4340 0.4640 0.4526 0.4559 0.3542 -1.0269 -0.9567 -0.8721 -0.8523 -1.0998 -1.1878 -1.2800 -1.1552 -1.1841 -1.0632 -1.2528 -1.4692 -1.6264 -1.3795 -1.2082 -2.5020 -1.6326 -1.5948 -2.5974 -3.4766 -3.2985 -3.3828 -3.1333 -1.7321 -1.8163 -1.7992 -1.7144 -1.7444 -1.6595 -2.9501 -2.9828 -4.2855 -3.4682
0.2660 0.2881 0.2957 0.3333 0.3464 0.4268 0.4020 0.3556 0.3157 0.3682 0.2724 0.4444 0.5183 0.5218 0.4223 0.3846 0.3450 0.2066 0.3269 0.4229 0.4016 0.3642 0.3374 0.3572 0.3999 0.5274 0.5285 0.3882 0.3562 0.3923 0.3752 0.2838 0.3486 0.2889 0.3023 0.4097 0.4077 -1.0270 -0.9242 -0.9270 -0.9424 -1.3102 -1.4162 -1.3434 -1.5740 -1.3086 -2.7890 -2.7768 -2.7252 -2.7148 -2.6542 -3.9885 -3.9034 -3.8563 -2.7090 -3.8714 -3.6107 -3.5148 -3.1826 -1.6560 -1.7088 -1.8149 -1.8063 -1.8488 -2.9802 -2.9849 -3.0976 -4.4519 -4.6257 -4.5760
0.0150 0.1260 0.1280 0.1612 0.2169 0.3221 0.2809 0.2705 0.5005 0.4641 0.3683 0.4482 0.5546 0.5640 0.5261 0.4547 0.4945 0.4481 0.3580 0.4176 0.4040 0.2538 0.2623 0.2683 0.2925 0.2570 0.2447 0.2623 0.3506 0.2917 0.3646 0.3438 0.3748 0.4283 0.5450 0.5511 0.5816 0.5642 0.4476 -0.9412 -1.0833 -1.1851 -1.4680 -2.8385 -2.6784 -2.5472 -2.5846 -2.5875 -2.6558 -2.6620 -3.9355 -3.8330 -3.8861 -3.7304 -3.8924 -3.8488 -3.6681 -3.2695 -2.0793 -1.8586 -1.8804 -3.3282 -3.2757 -3.0960 -3.0865 -3.1449 -4.3525 -4.6809 -4.6784 -5.9586
-0.0742 -0.0541 -0.1159 -0.0210 0.1176 0.1260 0.3810 0.3862 0.4098 0.3817 0.3216 0.3788 0.4234 0.5221 0.4941 0.5124 0.4914 0.4910 0.4259 0.2889 0.2830 0.3012 0.2093 0.2393 0.2845 0.2541 0.2393 0.1930 0.1226 0.1440 0.3966 0.4450 0.4332 0.5565 0.6777 0.6895 0.7080 0.3171 0.1850 0.2167 0.0668 -1.1638 -2.4645 -2.4293 -2.5098 -2.5023 -2.5597 -2.5414 -3.8032 -5.1332 -3.7862 -3.8701 -3.9527 -5.1614 -3.9372 -3.6161 -3.6562 -2.3062 -2.0935 -1.9618 -3.1484 -3.1693 -3.4033 -3.3996 -3.3091 -3.5499 -5.8804 -5.9939 -6.0106 -5.9790
-0.0537 -0.1028 -0.1026 0.0919 0.1425 0.2719 0.3563 0.3591 0.4188 0.4299 0.4151 0.4337 0.4001 0.4193 0.5748 0.4933 0.4357 0.3117 0.3610 0.2075 0.2972 0.4277 0.3797 0.3678 0.3419 0.3129 0.3905 0.3605 0.3138 0.3068 0.2997 0.5101 0.6572 0.6146 0.7005 0.4699 0.4778 0.2406 0.1516 0.1526 0.1947 0.0787 -2.5111 -2.5030 -2.6196 -2.5854 -3.6617 -3.7835 -3.7445 -5.1012 -3.7818 -3.9102 -5.1680 -4.1346 -3.8574 -3.6107 -3.7920 -2.2540 -2.2197 -3.0791 -3.0352 -3.0490 -3.4036 -4.6512 -5.0348 -5.0425 -5.1167 -5.1316 -6.4796 -7.2137
-0.0852 0.0311 0.0716 0.1808 0.1945 0.3524 0.3856 0.3772 0.4516 0.4615 0.4558 0.4820 0.5341 0.5062 0.5195 0.4866 0.4387 0.1873 0.1740 0.2431 0.4839 0.5233 0.4719 0.2836 0.4745 0.5055 0.5108 0.4210 0.2563 0.3513 0.3089 0.4609 0.2874 0.2432 0.2338 0.1656 0.3101 0.2563 0.1856 0.0157 0.0856 0.1909 -1.2353 -2.5118 -3.7042 -3.6625 -3.7753 -3.7735 -5.1651 -5.1197 -3.7349 -5.1744 -5.2138 -4.1957 -3.9420 -3.7323 -3.7549 -3.3320 -3.1795 -4.2428 -3.0615 -4.3328 -4.6223 -5.3234 -5.1760 -5.1202 -6.4426 -6.1979 -6.2208 -6.1459
0.1046 0.1279 0.1409 0.1616 0.2887 0.3946 0.3436 0.3821 0.4443 0.4725 0.5328 0.4654 0.5844 0.5302 0.4891 0.4236 0.4263 0.3773 0.4167 0.4535 0.4826 0.4080 0.3655 0.4138 0.6022 0.5348 0.5356 0.4482 0.2961 0.3786 0.3023 0.2223 0.1447 0.1777 0.1414 0.0108 0.2243 0.2119 -0.0283 0.0384 0.1284 -0.9638 -1.0086 -2.3611 -3.7200 -3.7653 -3.8024 -3.7262 -5.2077 -5.3145 -5.1419 -5.2722 -5.4562 -4.0963 -3.6973 -4.7983 -3.4972 -3.3733 -5.8268 -4.8311 -4.8343 -5.0725 -5.2284 -5.2076 -5.1756 -6.3021 -6.3846 -6.3471 -6.4142 -6.2506
0.0982 0.1279 0.1957 0.2615 0.3059 0.3809 0.4927 0.4729 0.4041 0.4427 0.3393 0.4672 0.4868 0.5269 0.5297 0.5643 0.6427 0.5712 0.5580 0.4638 0.2652 0.3575 0.4664 0.5879 0.4825 0.4338 0.4925 0.4047 0.3150 0.3582 0.2644 0.1256 0.0173 0.0966 -0.0525 0.0273 0.2200 0.1135 0.1689 0.1942 -1.0675 -1.0202 -1.0488 -2.3748 -2.4936 -3.8545 -3.8600 -3.8749 -5.2582 -6.6107 -6.6348 -5.2930 -4.0050 -5.0639 -4.8047 -3.3602 -3.8785 -3.8611 -5.1269 -4.9601 -5.2056 -5.3892 -5.4744 -5.2347 -6.4673 -6.4218 -6.1447 -6.2922 -6.3902 -7.5019
0.1077 0.1000 0.1778 0.2769 0.4400 0.4413 0.5224 0.5364 0.4479 0.4056 0.3313 0.3862 0.5083 0.5391 0.6877 0.6846 0.7228 0.5784 0.4342 0.2393 0.3050 0.3732 0.5398 0.5768 0.4411 0.4599 0.3895 0.4920 0.3940 0.4288 0.1974 0.0861 0.2110 0.1814 0.1507 0.3285 0.4031 0.2610 0.2870 0.3027 0.1809 -1.0374 -1.0875 -2.4648 -2.5560 -3.8493 -3.8208 -5.1608 -5.1971 -5.1990 -7.7066 -5.1858 -5.0521 -4.8503 -5.0821 -3.8135 -3.8581 -5.1537 -5.3080 -5.3817 -5.1823 -5.2950 -5.4121 -5.3294 -6.3099 -6.2203 -7.5520 -6.2717 -6.3467 -7.6619
0.1634 0.1953 0.1520 0.4093 0.4476 0.4546 0.4900 0.4261 0.3407 0.3521 0.4162 0.4812 0.4328 0.6232 0.6139 0.6282 0.6164 0.5671 0.3906 0.3776 0.4340 0.4523 0.4675 0.3089 0.3058 0.3725 0.4867 0.4835 0.3527 0.2865 0.3283 0.2956 0.1928 0.2879 0.2220 0.2347 0.3161 0.2494 0.2631 0.2637 0.2373 0.1921 -1.1086 -1.1514 -1.1895 -2.5694 -4.9873 -6.3847 -6.2905 -6.3125 -6.5014 -4.8999 -4.0462 -5.2546 -3.7565 -3.9070 -3.9965 -5.3382 -5.3669 -5.2700 -5.0322 -5.0152 -5.2735 -5.3567 -5.2974 -6.6517 -5.2327 -5.1422 -4.9656 -6.2985
0.2387 0.2351 0.2981 0.2913 0.3451 0.3196 0.3550 0.3406 0.4477 0.5625 0.5717 0.5325 0.6108 0.5488 0.5737 0.5111 0.5524 0.4739 0.4566 0.4914 0.4191 0.4154 0.3648 0.4249 0.3732 0.3442 0.5176 0.6232 0.6380 0.6758 0.3816 0.4268 0.3826 0.3324 0.1695 0.1663 0.0076 0.2388 0.2266 0.2200 -0.9039 -0.8803 -2.3129 -2.3000 -2.3851 -2.4093 -3.8049 -4.8564 -6.1358 -4.8200 -4.8296 -5.1544 -3.7514 -3.6369 -3.7194 -2.4086 -2.5442 -2.6750 -3.9070 -2.4506 -3.8108 -5.0222 -5.1863 -5.1906 -5.1732 -4.1807 -5.3673 -5.0023 -4.8801 -6.2289
