风场图/AgeDiffAve0020-8099_-180-180.txt
ncols           720
nrows           360
xllcorner      -180
yllcorner       -90
cellsize        0.5
NODATA_value  -9999
[rows 155 to 185 of 360, columns 0 to 69 of 720]
-2.0575 -0.6604 -0.7084 -2.1275 -2.0677 -3.4599 -3.3136 -2.1173 -2.2365 -2.1859 -0.9617 -0.8985 -0.8941 -0.7784 -0.8559 -0.8553 -0.8040 0.6434 0.6820 0.6326 0.6609 0.6734 0.7177 0.6505 -0.7698 -0.7546 -0.7366 0.6518 0.6564 -0.8035 -0.7475 -0.7985 -2.1800 -2.1684 -2.2527 -2.1635 -2.1520 -0.8948 -0.9202 0.4210 0.5405 -0.8324 0.4249 0.3963 0.4179 -1.0315 0.3275 0.3321 0.4230 0.3962 0.3117 1.6280 1.6532 1.6496 1.6451 1.5622 1.6415 1.6137 1.5801 1.5535 2.9033 2.8804 2.7633 2.7524 2.8159 2.8268 2.8119 2.8038 2.8569 2.8561
0.7818 -0.6442 -0.7000 -0.6571 -0.8673 -0.8154 -0.8703 -0.9141 -2.2452 -0.9473 -0.8686 -0.8908 -0.9353 -2.3097 -0.7646 -0.8690 -0.8762 0.4928 0.5360 0.5126 0.6105 0.6571 0.7240 0.6566 -0.7930 -0.7272 -0.8486 0.5328 0.5952 0.6740 -0.7603 -0.7977 -0.8207 -0.8097 -2.1539 -2.1416 -2.0502 -2.1240 -0.8862 -0.8527 -0.8077 -0.8286 -0.9750 -0.9648 -0.9888 0.4858 -0.9588 0.3458 0.3334 0.2949 1.5747 1.7391 1.7344 1.6861 1.7404 1.7217 1.6869 1.6808 1.6172 1.5909 1.5598 2.8650 2.8285 2.8541 2.8488 2.8928 2.8563 2.8222 2.7797 2.8887
-2.0678 -0.6235 -0.7667 -2.1202 -0.8800 -0.8420 -0.8649 -0.9306 -0.8653 -0.8593 -0.9183 0.5243 0.4920 0.5046 -2.2995 -0.8078 -0.8602 -0.9102 0.5223 0.4570 1.8469 1.8330 0.6435 -0.7294 -0.7654 -0.7380 -2.2099 -0.7591 -0.8273 -0.7218 -0.7979 -0.7859 -2.1630 -3.4785 -3.4632 -3.4885 -4.7987 -4.7955 -4.7387 -3.5403 -3.4677 -2.1852 -2.2474 -2.3295 -2.3574 -2.2932 -2.2210 -2.2021 -2.2191 -0.8822 -0.8770 -0.8454 -0.8299 0.4743 0.4943 0.4020 0.4746 0.4282 1.6576 1.6105 1.5800 1.5729 2.8630 2.8923 1.5622 0.2823 0.2709 0.1856 1.4838 1.5876
-3.3456 -3.4363 -3.4220 -2.2670 -3.6256 -2.2787 -2.2405 -2.3179 -3.5893 -2.3571 -2.3364 -0.8844 -0.9055 -0.8729 -0.9032 -2.3064 -0.8668 -0.8646 1.8823 1.8679 1.7817 1.8067 1.9450 -0.6424 -0.7444 -0.7519 -2.0813 -0.6662 -0.7289 -0.6884 -0.6761 -0.7023 -0.7668 -0.6754 -0.7223 -0.7030 -2.0832 -2.0812 -3.4619 -3.4613 -3.5037 -2.3005 -2.2854 -2.3794 -2.3690 -2.3841 -2.2510 -2.2520 -2.1530 0.4676 0.5640 -0.7756 -0.8049 -0.8683 -0.8157 0.4738 0.3487 0.3664 0.3744 0.2550 -0.9656 0.2949 -2.4120 -1.0377 -1.0498 -0.9745 -1.0423 -1.0591 1.6474 1.6771
-3.4409 -3.4635 -2.1728 -2.2828 -2.2802 -3.7114 -3.6559 -3.6141 -5.0066 -4.9797 -2.3451 -2.2534 -0.8601 -0.8853 -0.8771 -0.8254 -2.3628 1.9131 1.9316 1.9189 1.9554 1.9543 1.8982 -0.7697 -0.7735 -0.6225 -0.6324 -0.7777 -0.7416 -0.7515 -0.7318 -0.7226 -0.7558 -2.0049 -2.0748 -2.0649 -2.0447 -2.0514 -0.6221 -0.6108 -2.0767 -2.1430 -3.5051 -3.4893 -3.5046 -5.0312 -4.8787 -4.8588 -2.1425 0.5356 0.5713 0.6052 0.5075 0.4919 0.5554 -0.8512 -0.9101 -0.9339 0.4817 1.7994 0.4375 0.3722 0.3196 0.4155 0.4475 1.7763 -1.0830 -1.0267 -2.3362 -0.9938
-3.5587 -3.5483 -2.1353 -2.3354 -2.4293 -2.4297 -5.0862 -4.9999 -4.9955 -5.0824 -3.6283 -3.6076 -3.7321 -3.5318 -3.5109 -2.2365 -0.8842 -0.8074 0.6528 0.5867 0.5815 0.6080 0.7097 -0.7437 -2.0595 -2.0852 -2.0609 -2.0408 -2.2020 -2.1413 -2.0613 -2.0079 -2.1007 -2.1134 -2.1105 -1.9814 -1.9807 -1.9321 -1.9919 -1.9396 -1.9685 -1.9556 -0.6107 -0.6750 -2.0165 -2.1358 -2.1599 -2.1301 -0.7548 0.6715 -0.6917 -0.7177 0.6023 0.6065 0.5441 -0.7673 -0.7959 0.6113 1.9845 1.9832 0.5977 0.4931 0.5229 0.5218 0.4734 0.4641 0.5581 0.5567 -0.9090 0.3986
-3.5665 -2.2301 -2.2839 -3.7122 -5.2545 -5.1889 -5.1607 -5.1353 -5.1374 -6.5174 -6.3744 -5.0472 -5.1272 -5.0145 -3.5936 -2.1924 -2.1847 -0.7175 0.5858 0.6512 0.6065 0.6157 0.5879 -0.7174 -0.8260 -2.0441 -2.0053 -2.0266 -2.1371 -2.2132 -2.1888 -2.0974 -2.0887 -2.1096 -2.1192 -2.0264 -2.0288 -2.0152 -1.9509 -1.9391 -1.9662 -1.9183 -2.0092 -1.9968 -1.9684 -2.0590 -2.1222 -3.5592 -2.1734 -0.8185 1.9692 0.6367 0.5963 0.5576 0.5540 2.0918 2.0882 2.0801 2.0374 2.0592 1.9780 2.0128 0.5764 0.5938 0.5587 2.0069 0.5516 0.4706 0.5292 0.4009
-7.8288 -7.8306 -6.4917 -7.8100 -7.9530 -6.5193 -5.0435 -6.4746 -6.4508 -5.0562 -6.4992 -4.9990 -4.9289 -5.0754 -4.9843 -2.1941 -0.7191 -0.7884 0.7332 0.6710 0.6136 0.7038 0.6689 -0.8579 -0.8500 -2.1376 -2.0506 -2.0731 -0.6414 -2.1369 -2.1331 -2.0173 -0.6163 -0.7457 -2.1188 -2.0133 -2.0029 -2.0009 -2.0077 -1.9701 -2.0276 -1.8907 -1.9493 -1.9769 -2.0813 -2.0090 -1.9751 -1.9856 0.6593 0.6285 2.0334 0.6046 -0.6605 0.7224 0.7346 0.6893 0.8285 0.7884 2.1054 1.9988 2.0382 2.1010 2.0019 2.0175 2.0683 1.9483 2.0263 0.5609 0.4980 0.6002
-10.5769 -7.8652 -7.8982 -9.2861 -7.9459 -7.8731 -5.0046 -5.1036 -6.5267 -4.9878 -4.8666 -5.0439 -5.1780 -5.1232 -3.7136 -3.6386 -2.1906 -0.8208 -0.7380 0.7436 0.7342 2.0837 0.6455 -0.8316 -0.8289 -2.0729 -2.1942 -2.0662 -2.0604 -0.6566 -0.5820 0.6495 0.7571 0.7118 -0.6378 0.7859 0.8358 0.8442 -0.6698 -0.5471 -0.5988 -0.5235 -0.5283 -2.0093 -2.0522 -2.0636 -0.6739 -0.6553 0.6996 2.0544 2.1100 3.4210 3.5446 2.1338 2.1152 2.1250 2.2297 0.7970 0.7742 0.6791 1.9628 2.1669 2.0624 2.0877 0.6794 0.6580 1.8817 2.0206 2.0352 1.9686
-9.2119 -6.3984 -6.4308 -7.9984 -9.3465 -9.2918 -7.9289 -6.5150 -6.5346 -5.0083 -4.9342 -4.9697 -3.6424 -3.6798 -3.7530 -3.6515 -2.1484 -2.1179 -2.1834 0.7932 0.7190 0.7728 0.7553 2.0905 0.6026 -0.8387 -2.1635 -2.1382 -2.1408 -0.7406 2.1412 2.2058 0.7278 0.8116 0.7676 2.2683 2.2023 2.2577 0.8340 0.8816 -0.5292 -0.5634 0.7992 0.7854 0.7997 0.8504 0.8253 -0.6835 2.1031 2.0349 2.0392 2.0480 3.4135 3.5165 3.5185 0.7660 0.7893 0.8245 0.7596 0.8320 0.7612 2.1746 2.1068 0.7311 0.6186 0.6367 0.7586 0.6848 0.6681 0.7294
-10.5844 -7.9708 -6.4984 -6.4945 -6.5269 -7.9006 -7.9548 -7.8630 -7.8523 -6.3513 -4.8914 -4.9856 -3.5354 -3.4092 -2.1789 -0.6827 -0.7004 -0.6882 -0.6442 2.3119 2.3172 2.2415 2.2364 2.2918 0.7735 0.6843 -0.6346 -0.6289 -0.6225 0.7238 0.7962 2.1034 2.1102 2.1430 3.5876 2.2348 2.2571 2.2968 0.8034 0.9000 0.8670 0.8151 0.9242 -0.5216 -0.5415 0.9186 0.9602 0.9354 3.6434 2.1855 0.7274 2.1132 2.1406 2.1327 2.1433 2.1170 -0.6319 -0.5435 -0.5761 -0.5612 0.8665 0.8196 2.0974 2.1589 3.4308 3.5330 2.2556 2.2793 0.7255 0.6947
-12.0415 -10.6879 -9.3515 -6.4066 -6.4416 -7.9265 -6.3626 -6.4933 -6.3846 -6.3010 -6.3536 -6.2245 -4.9341 -3.5153 -2.0702 -0.6695 -0.6497 -1.9998 -2.0781 0.7819 0.9354 0.8441 0.9231 0.8706 0.9144 0.7253 -0.6204 -0.6232 -0.6084 -0.5929 -0.5728 -0.6016 -0.5959 2.2067 3.6412 2.3012 2.2514 0.8714 -0.5359 -0.5175 -0.5693 -0.4757 -0.4778 -0.4587 0.9849 0.9149 0.8920 0.8319 0.8530 2.3422 2.3215 2.2447 0.8852 0.9030 2.1731 2.1873 0.8670 0.9043 0.9098 0.9083 0.8401 2.2444 2.2515 3.6421 3.6155 3.5791 3.5961 4.9141 4.9957 5.0376
-12.1772 -10.7545 -7.9240 -6.5337 -6.4104 -9.2262 -6.2440 -4.7375 -7.6632 -7.6480 -7.6577 -6.2121 -4.7994 -6.3524 -3.4452 -3.4428 -3.3871 -3.4399 -0.5169 -0.4445 0.8221 0.8939 0.8943 0.8470 0.8218 0.8579 0.8253 -0.6247 -0.5989 -0.6150 -0.5130 0.9274 1.0187 2.4511 0.9540 0.8973 0.8814 0.9774 -0.4089 0.8548 0.9388 0.9343 1.0582 1.0632 2.3830 3.8601 5.2733 3.8180 2.2470 2.2467 0.8462 0.9555 0.9147 2.4098 2.3127 1.0004 0.9589 -0.2727 -1.7500 -1.7126 -1.7711 2.3692 2.3098 0.9044 0.8964 2.2637 2.3103 3.6485 5.0354 4.9860
-10.7454 -10.6941 -9.2557 -10.6970 -7.7926 -7.7712 -6.1720 -4.7031 -6.1268 -6.2018 -6.1766 -6.1529 -6.1883 -3.3735 -1.9637 -3.2561 -4.7912 -4.8186 -1.8709 -0.3364 -0.4796 -1.9265 -0.4958 -0.3940 -0.4740 -0.5466 -1.8746 -1.9030 -1.8443 -1.9163 -1.8974 -0.4749 1.0075 1.0571 1.0046 1.0630 2.3382 2.4203 2.4229 2.4133 2.5007 2.4772 2.4580 3.9018 5.3814 6.7692 5.2830 5.3102 3.9402 1.0520 -0.4422 -0.5043 0.9550 2.3944 2.4105 1.0581 1.0101 1.0390 -0.3372 -0.2385 -0.2729 -0.2801 -0.2713 -0.2843 -0.2634 1.1086 2.4679 2.3394 -0.3311 -1.7539
-10.6373 -10.6848 -7.8141 -9.2334 -7.7644 -9.1877 -7.6905 -8.9742 -9.0545 -10.3931 -7.5942 -4.7207 -3.2786 -1.8891 -0.4444 -1.8110 -3.2774 -1.8327 -3.2807 -3.2476 -3.2570 -1.8643 -1.8532 -3.3456 -4.6594 -4.7304 -3.2600 -3.2461 -3.1544 -4.6821 -3.1843 -3.1498 -1.7313 -0.2657 -0.3073 -0.2977 -0.2343 -1.7004 -0.2974 -1.5904 -0.1695 1.1904 1.2691 2.6567 4.0287 2.6291 3.9803 3.9349 3.9569 5.2912 3.8322 5.3254 3.7770 1.1249 2.4779 1.1131 1.0968 1.0463 1.2177 -1.5025 -4.2400 -2.8914 -2.8867 -1.5099 -2.9391 -0.2011 -1.5537 -1.5856 -1.5543 -2.9781
-9.1190 -9.1374 -9.1406 -7.7545 -6.2775 -6.3340 -6.2424 -7.6378 -8.9777 -9.0369 -8.9731 -8.9809 -7.5533 -6.0605 -4.5643 -3.2005 -3.2362 -3.0854 -1.7287 -0.2178 -0.2811 -1.6251 -3.0605 -1.7121 -1.7470 -1.7312 -1.7808 -3.1538 -1.7079 -1.7236 -1.6833 -0.2852 1.1539 1.0985 -0.2153 -0.2042 -1.5886 -1.6619 -1.5761 -0.2423 -0.2177 -1.5591 -1.5056 -0.1851 -0.1349 -0.1887 -0.1836 1.1970 1.2455 1.2151 2.7092 2.6878 4.0503 4.0367 4.0487 2.6973 1.2802 -0.1487 -1.4725 -1.4261 -1.4764 -1.5290 -1.4740 -1.4986 -1.4361 -2.8497 -2.7706 -2.8198 -1.3990 -1.3973
-10.5643 -10.6045 -10.5187 -9.1379 -6.2249 -7.6863 -9.0902 -7.5893 -7.5418 -8.9896 -8.9941 -8.9809 -9.0678 -7.4040 -7.3770 -5.8833 -4.4776 -3.1936 -3.1089 -3.0400 -1.6286 -1.6336 -1.6600 -1.6880 -1.7160 -1.8001 -1.7847 -3.2420 -1.7466 -1.7512 -1.7156 -1.7596 -0.3094 -1.6535 -1.5821 -3.0336 -3.0143 -3.0223 -2.9161 -2.9269 -2.9898 -1.4946 -1.5319 -0.1385 -0.1641 -0.1841 -0.1575 1.2824 1.3133 2.7226 2.6102 2.7078 2.6985 2.7047 4.0323 2.6835 2.7287 2.7009 2.6575 2.7343 1.3468 1.3887 -0.0211 0.0203 0.0063 -0.0163 0.0420 0.0553 -0.0207 -0.0503
-9.0520 -9.0328 -9.0391 -10.4850 -8.9553 -9.1318 -9.0560 -7.6065 -7.5936 -9.0339 -8.9585 -8.9332 -8.9753 -7.3399 -7.3759 -4.5073 -3.1624 -1.6931 -3.0511 -3.0413 -3.1558 -1.6717 -1.6793 -1.7406 -1.6571 -1.7293 -1.7194 -3.1710 -0.3156 -0.3139 -0.3039 -1.6878 -0.1835 -0.2289 -1.5764 -1.5681 -2.9792 -1.4578 -1.4639 -1.4813 -1.4787 -1.4299 -0.0490 1.2657 1.2872 1.2471 1.2721 1.3318 1.2995 1.2823 1.3087 1.2723 1.3083 1.3287 -0.0482 -1.4374 -1.4071 -0.0098 -0.0172 -0.0301 -0.0165 1.4172 1.4091 1.3798 1.3993 1.4007 1.3722 1.3733 1.3764 0.0000
-7.6555 -7.6085 -8.9469 -7.5741 -9.0187 -7.6584 -7.6049 -6.1355 -4.7144 -4.6616 -6.0662 -6.0322 -5.9500 -4.4921 -4.5016 -4.4998 -3.0326 -1.6368 -1.6052 -3.0493 -4.4882 -4.4844 -3.1730 -3.1494 -1.7083 -1.7514 -1.7620 -3.1277 -1.7328 -2.9891 -3.0053 -4.4089 -2.9958 -3.0198 -2.9566 -2.9529 -1.4505 -1.5281 -1.5460 -1.4678 -1.4484 -1.4706 -0.0655 -0.0793 -0.0973 -0.0866 -0.0725 -0.0950 -0.0857 -0.0796 -0.0711 -0.0628 -0.0896 -0.0492 -1.4206 -1.4236 -1.4398 -1.4215 -1.4319 -0.0188 -0.0184 1.3886 1.3904 1.3751 1.4128 1.3638 1.3570 0.0000 0.0000 0.0000
-7.6776 -6.1915 -7.6040 -8.9654 -7.5226 -6.2149 -6.1527 -4.7378 -3.2373 -3.2326 -4.6274 -6.0032 -4.5468 -2.9981 -3.0533 -1.5880 -1.5743 -1.6021 -1.6067 -3.0480 -4.4985 -4.5340 -4.5617 -4.5159 -4.4918 -4.4929 -5.8895 -5.8427 -4.4080 -4.4137 -4.4099 -4.4295 -2.9694 -2.9322 -2.9957 -2.9825 -1.4733 -1.5062 -1.4945 -1.4994 -1.4867 -0.0981 -0.1003 -0.1181 -0.0948 -0.0831 -0.0972 -0.0791 -0.0836 -0.1127 -0.1092 -0.0807 -0.1197 -1.4392 -1.4357 -1.4406 -1.4349 -1.4188 -1.4354 -1.4418 -1.4457 0.0000 0.0000 0.0000 0.0000 0.0000 0.0000 0.0000 0.0000 0.0000
-7.5634 -7.5879 -8.9479 -8.9673 -7.5137 -6.1631 -4.6847 -4.7272 -3.2957 -3.2877 -5.9936 -5.9281 -3.0298 -1.5783 -1.6139 -1.6091 -1.5384 -1.5651 -1.5577 -2.9331 -1.5792 -3.0949 -3.0581 -4.4756 -4.5069 -4.4787 -5.8789 -5.8589 -4.3805 -4.4529 -4.3915 -2.9899 -2.9403 -2.9986 -2.9953 -1.4956 -1.4942 -1.4973 -1.4753 -0.1222 -0.1172 -0.1069 -0.1140 -0.1240 -0.1028 -0.0732 -0.1138 -0.1014 -0.1084 -0.1159 -0.1261 -0.1318 -1.4579 -1.4270 -1.4466 -1.4380 -1.4203 -1.4279 -1.4344 -1.4439 0.0000 0.0000 0.0000 0.0000 0.0000 0.0000 0.0000 0.0000 0.0000 0.0000
-7.4131 -7.4897 -7.5189 -6.0368 -6.0655 -4.6874 -3.2410 -3.2177 -3.1011 -3.1251 -4.5019 -3.0783 -1.5461 -1.5794 -1.5338 -1.5098 -1.5074 -1.4956 -1.5554 -2.9621 -2.9631 -2.9232 -4.4506 -3.0365 -3.0236 -2.9663 -5.8536 -4.3630 -4.3470 -4.3828 -4.3862 -1.5772 -1.5970 -0.1205 -0.1378 -0.1424 -0.1154 -0.1053 -0.1485 -0.1556 -0.1208 -0.1451 -0.0772 -0.1204 -0.1161 -0.0856 -0.0946 -0.0632 -0.1334 -0.1723 -0.1462 -1.4092 -1.4518 -1.4402 -1.4644 -1.4538 -1.4482 -1.4333 -1.4327 -1.4163 0.0000 0.0000 0.0000 0.0000 0.0000 0.0000 0.0000 0.0000 0.0000 0.0000
-7.3593 -7.4013 -7.4514 -7.3884 -7.4020 -6.0000 -4.6105 -3.0717 -1.6273 -3.0515 -3.0167 -3.1225 -1.4848 -1.5903 -1.5723 -1.5775 -1.6042 -1.5529 -1.5635 -2.9188 -2.9386 -1.5428 -1.5028 -1.4743 -2.9782 -3.0556 -4.3704 -2.9395 -2.8989 -2.9446 -1.4876 0.0000 0.0000 0.0000 0.0000 0.0000 0.0000 -1.4809 -1.4855 -1.4999 -1.4802 -1.4675 -0.1250 -0.1267 -0.1678 -0.0773 -0.0969 -0.1329 -0.1221 -1.4516 -1.4555 -1.4509 -1.4482 -1.4535 -1.4426 -1.4517 -1.4223 -1.4600 -1.4130 0.0000 0.0000 0.0000 0.0000 0.0000 0.0000 0.0000 0.0000 0.0000 0.0000 0.0000
-7.3630 -7.3883 -5.9145 -5.9714 -5.9212 -1.6105 -1.6205 -0.1472 -1.6661 -1.5866 -1.5759 -1.5106 -1.5001 -1.6131 -1.4664 -1.5373 -1.5382 -1.5099 -1.4599 -1.5122 -1.4913 -1.5021 -1.5463 -1.5319 -1.5543 -2.9269 -1.4608 -1.4729 -1.4457 0.0000 0.0000 0.0000 0.0000 0.0000 0.0000 0.0000 0.0000 0.0000 0.0000 0.0000 -1.4803 -1.5056 -1.4800 -1.4469 -1.4787 -1.4643 -1.4451 -1.4291 -1.4451 -1.4406 -1.4530 -1.4521 -1.4489 -1.4419 -1.4381 -1.4554 -1.4592 -1.4545 0.0000 0.0000 0.0000 0.0000 0.0000 0.0000 0.0000 0.0000 0.0000 0.0000 0.0000 0.0000
-7.3659 -7.4037 -7.4076 -7.3778 -4.4104 -1.6643 -0.1808 -0.1865 -0.1368 1.2248 1.3807 -0.0407 -0.0539 -0.0731 -0.1000 -0.1131 -0.0876 -0.0551 -0.0899 -1.4813 -1.5309 -1.4797 -1.4986 -1.5067 -1.5029 -1.4709 -1.4667 -1.4559 0.0000 0.0000 0.0000 0.0000 0.0000 0.0000 0.0000 0.0000 0.0000 0.0000 0.0000 0.0000 0.0000 0.0000 -1.4742 -1.4688 -1.4731 -1.4585 -1.4583 -1.4794 -1.4427 -1.4544 -1.4486 -1.4670 -1.4395 -1.4611 -1.4471 -1.4419 -1.4403 0.0000 0.0000 0.0000 0.0000 0.0000 0.0000 0.0000 0.0000 0.0000 0.0000 0.0000 0.0000 0.0000
-7.4259 -7.3823 -5.8747 -5.9217 -4.5166 -2.9680 -1.6645 1.2799 1.2302 2.6781 1.3242 1.3938 1.3382 -0.0516 -0.0595 -0.0649 -0.0785 -0.0849 -0.0471 -1.4945 -1.4739 -1.5047 -1.5645 -1.5306 -0.0608 0.0000 0.0000 0.0000 0.0000 0.0000 0.0000 0.0000 0.0000 0.0000 0.0000 0.0000 0.0000 0.0000 0.0000 0.0000 0.0000 0.0000 0.0000 0.0000 0.0000 -1.4508 -1.4712 -1.4622 -1.4564 -1.4698 -1.4378 -1.4568 -1.4413 -1.4418 0.0000 0.0000 0.0000 0.0000 0.0000 0.0000 0.0000 0.0000 0.0000 0.0000 0.0000 0.0000 0.0000 0.0000 0.0000 0.0000
-5.9428 -4.4683 -4.4758 -3.0112 -1.5752 -1.5490 1.2839 2.7648 2.7594 2.7864 2.8588 2.8523 2.8121 1.3253 1.3521 -0.0992 -0.0500 -0.1057 -0.0526 -1.4829 -1.4720 -0.0712 1.4398 1.3988 0.0000 0.0000 0.0000 0.0000 0.0000 0.0000 0.0000 0.0000 0.0000 0.0000 0.0000 0.0000 0.0000 0.0000 0.0000 0.0000 0.0000 0.0000 0.0000 0.0000 0.0000 0.0000 0.0000 0.0000 0.0000 0.0000 0.0000 0.0000 0.0000 0.0000 0.0000 0.0000 0.0000 0.0000 0.0000 0.0000 0.0000 0.0000 0.0000 0.0000 0.0000 0.0000 0.0000 0.0000 0.0000 0.0000
-3.0955 -3.0154 -0.0704 -0.0656 1.3727 1.3687 1.3943 2.7536 1.3625 1.3554 2.8407 2.7899 1.3809 1.3782 1.3955 1.3863 1.4278 1.4284 -0.0238 -0.0344 -0.0288 0.0071 -0.0276 0.0000 0.0000 0.0000 1.4067 1.3847 1.3986 1.3785 1.3977 1.3838 1.3979 1.4342 1.3788 1.3828 0.0000 0.0000 0.0000 0.0000 0.0000 0.0000 0.0000 0.0000 0.0000 0.0000 0.0000 0.0000 0.0000 0.0000 0.0000 0.0000 0.0000 0.0000 0.0000 0.0000 0.0000 0.0000 0.0000 0.0000 0.0000 0.0000 0.0000 0.0000 0.0000 0.0000 0.0000 0.0000 0.0000 0.0000
-0.0743 -0.0859 -0.0711 1.3225 1.3863 1.3553 1.3806 -0.0621 1.3582 1.4007 1.3725 1.2890 1.3911 1.3759 1.3930 1.4245 1.4573 1.4045 -0.0197 -0.0360 -0.0235 -0.0254 -1.4689 -1.4958 1.4122 1.3756 1.4180 1.4081 1.4171 1.3912 1.3585 1.4214 1.3964 1.4142 1.4024 1.3651 1.3852 1.3705 1.3829 0.0000 0.0000 0.0000 0.0000 0.0000 0.0000 0.0000 0.0000 0.0000 0.0000 0.0000 0.0000 0.0000 0.0000 0.0000 0.0000 0.0000 0.0000 0.0000 0.0000 0.0000 0.0000 0.0000 0.0000 0.0000 0.0000 0.0000 0.0000 0.0000 0.0000 0.0000
-0.0776 1.3921 1.3730 -0.0440 -0.1133 -1.5316 -2.9316 -2.9095 -2.9422 -1.4951 -1.4621 -1.4599 0.0068 1.3761 1.3755 1.3560 1.3545 -0.0270 -0.0250 0.0006 -0.0432 -1.4750 -1.4480 -0.0761 -0.0637 1.4047 1.4154 1.4185 1.3991 1.4055 1.4304 1.4302 1.4302 1.4139 1.3924 1.3893 1.4009 1.3895 1.3898 1.3869 0.0000 0.0000 0.0000 0.0000 0.0000 0.0000 0.0000 0.0000 0.0000 0.0000 0.0000 0.0000 0.0000 0.0000 0.0000 0.0000 0.0000 0.0000 0.0000 0.0000 0.0000 0.0000 0.0000 0.0000 0.0000 0.0000 0.0000 0.0000 0.0000 0.0000
1.3509 -0.0727 -0.0737 -1.5331 -2.9489 -2.9866 -2.9951 -2.9615 -2.9889 -4.4717 -4.4584 -2.8998 -1.5143 0.0259 1.3988 1.4106 -0.0568 -0.0380 -0.0770 -1.4766 -1.4738 -1.4910 -0.0895 -0.0986 -0.0672 -0.0994 1.3885 1.3948 1.4102 1.4337 1.4209 1.4124 1.4293 1.4260 1.4194 1.4145 1.4174 1.3955 1.4027 1.3778 1.3623 1.3622 0.0000 0.0000 0.0000 0.0000 0.0000 0.0000 0.0000 0.0000 0.0000 0.0000 0.0000 0.0000 0.0000 0.0000 0.0000 0.0000 0.0000 0.0000 0.0000 0.0000 0.0000 0.0000 0.0000 0.0000 0.0000 0.0000 0.0000 0.0000
