风场图/AgeDiffAve0020-8099_-180-180.txt
ncols           720
nrows           360
xllcorner      -180
yllcorner       -90
cellsize        0.5
NODATA_value  -9999
[rows 248 to 278 of 360, columns 560 to 629 of 720]
-3.6583 -2.6985 -2.7378 -2.7089 -2.6668 -3.6063 -3.6289 -2.8990 -2.9785 -2.9636 -2.9532 -1.1113 -1.0923 -2.9809 -2.9118 -2.0585 -1.9903 -3.0113 -3.1132 -2.0870 -2.0586 -4.0415 -4.1032 -5.0891 -4.2558 -3.2773 -2.1925 -2.1045 -3.0585 -3.1253 0.0000 0.0000 0.0000 0.0000 0.0000 0.0000 0.0000 0.0000 0.0000 0.0000 0.0000 0.0000 -4.9401 -6.8855 0.0000 0.0000 -5.9363 -4.9261 -4.8640 -4.7905 -4.7695 -5.7200 -5.6773 -5.5865 -4.5489 -5.4564 -4.4742 -4.4962 -4.5671 -4.5569 -4.5559 -5.4056 -5.4822 -5.4912 -6.5078 -5.6176 -5.5756 -5.5354 -5.4113 -4.3978
-3.6035 -3.6850 -2.7291 -2.6965 -2.6561 -1.8963 -1.8747 -2.9125 -2.9208 -2.9431 -3.8163 -2.9629 -2.0661 -1.0956 -2.8946 -2.9586 -2.9027 -2.9441 -3.9663 -3.9188 -2.9479 -2.9669 -4.9030 -4.0890 -4.1366 -3.2186 -3.1173 -4.0159 -4.0773 -4.1365 0.0000 0.0000 0.0000 0.0000 0.0000 0.0000 0.0000 0.0000 0.0000 -3.9600 -4.8945 -3.9879 -4.8595 -4.7793 -4.7198 -5.6520 -6.6888 -3.9467 -3.8601 -3.8901 -4.7032 -5.6891 -5.6267 -5.5287 -3.5514 -4.3789 -4.3913 -4.4598 -4.5119 -4.5169 -5.3732 -5.3561 -5.3751 -5.4064 -5.4503 -5.5679 -5.5826 -5.5177 -4.5968 -4.4490
-2.0289 -1.9995 -1.1318 -1.0915 -1.9663 -1.9136 -1.9177 -1.9732 -2.8259 -3.7895 -3.7811 -3.7432 -2.0134 -1.9477 -2.8741 -3.7869 -2.8418 -2.9767 -1.9883 -2.9623 -2.9934 -2.0707 -2.1259 -2.9927 -4.9066 -5.8808 -3.8970 -3.8842 -4.0121 -4.0413 -3.0725 -3.0628 -2.1445 0.0000 0.0000 0.0000 0.0000 -2.0486 -2.9316 -2.8291 -3.7872 -4.7032 -4.7242 -4.7014 -4.6716 -3.7628 -3.7633 -3.7036 -3.6683 -3.6650 -2.8089 -3.7487 -4.5759 -4.5322 -4.5113 -4.4207 -4.3840 -4.4817 -5.3331 -5.3176 -5.2804 -5.2993 -5.3169 -5.3859 -5.3051 -5.4193 -5.4851 -4.5685 -4.5404 -3.6272
-1.9764 -2.0116 -1.1104 -1.0666 -1.0791 -1.0731 -1.1154 -1.0953 -1.8994 -1.9177 -2.7794 -2.7720 -2.7487 -1.9262 -1.8961 -1.9278 -3.8041 -3.7840 -3.7881 -3.7650 -2.8700 -3.8511 -2.9180 -3.8942 -4.7531 -5.6706 -5.6513 -3.8370 -3.9134 -3.0016 -2.9284 -2.8985 -1.9913 -3.0140 -3.0217 -2.9583 -1.9459 -0.9375 -1.8545 -1.8435 -1.8356 -2.7768 -2.7283 -3.6726 -3.6815 -3.6521 -2.7184 -2.7230 -2.7860 -3.6445 -3.6157 -4.5254 -4.4805 -5.3825 -5.3426 -4.4584 -5.2977 -5.2689 -5.2868 -5.2689 -5.2111 -5.2168 -5.2439 -5.2899 -5.2035 -4.3615 -4.4064 -4.4445 -3.5629 -2.7189
-2.8061 -1.9550 -1.0328 -1.0723 -1.0704 -1.0941 -1.1622 -1.8988 -1.9044 -1.8988 -1.8316 -1.8460 -1.8206 -2.7152 -1.8747 -2.7792 -3.6604 -4.5140 -4.4515 -4.5229 -4.5560 -4.6246 -5.6455 -3.8167 -3.8360 -4.7680 -4.7256 -3.7547 -2.8698 -2.8486 -2.8080 -3.7307 -3.7256 -2.8435 -2.8524 -2.7905 -1.7992 -1.7935 -1.7333 -1.7472 -1.8242 -1.7402 -3.5371 -2.6347 -2.6549 -2.7166 -1.7992 -1.8439 -1.8875 -1.8713 -2.8067 -3.6171 -4.5123 -4.4986 -4.4421 -5.2626 -5.2119 -5.1747 -5.1830 -5.1298 -5.1030 -5.1026 -5.0773 -5.0839 -5.1021 -3.4294 -3.4628 -3.4236 -2.6478 -2.6275
-1.8364 -1.8774 -1.9109 -1.9524 -1.0709 -1.8655 -1.8447 -1.8837 -1.9054 -1.8511 -1.8071 -1.7682 -2.7073 -2.7260 -2.7550 -1.8786 -1.8611 -3.5125 -4.3377 -4.4056 -4.4741 -4.5483 -4.5939 -3.7526 -4.7275 -3.8606 -3.8654 -3.0093 -4.6653 -3.7619 -3.7643 -3.6426 -3.6272 -2.7124 -2.6868 -2.6401 -1.6970 -1.6818 -2.5883 -2.6233 -1.7664 -1.7659 -2.5966 -1.6879 -1.7397 -0.8476 -0.8303 -1.8176 -1.7982 -1.8287 -2.7315 -2.7631 -1.8720 -1.8507 -2.6652 -2.6849 -4.4007 -4.2570 -4.2528 -5.0579 -5.0099 -5.0287 -4.1819 -4.1762 -3.3243 -1.7079 -1.6760 -2.5636 -1.7412 -1.7581
-1.8044 -0.9597 -2.5965 -2.6137 -2.6313 -2.6203 -2.6857 -2.6981 -2.6713 -2.6501 -2.6527 -2.6332 -2.6307 -2.6466 -2.6413 -2.6442 -1.8046 -1.7718 -2.6425 -3.5174 -3.5409 -3.5800 -3.6159 -3.6499 -2.8234 -2.8499 -3.8033 -2.9172 -2.8779 -2.9424 -3.6633 -3.6879 -3.5400 -2.6577 -2.5764 -1.6449 -1.6311 -1.6692 -2.5635 -2.5838 -2.5996 -1.7311 -2.5601 0.0356 0.0732 0.0836 -0.7837 -0.8022 -0.8080 -1.7318 -2.6746 -1.8188 -1.8201 -1.8524 -0.9636 -1.7795 -2.6398 -1.6806 -1.7012 -1.6732 -1.7006 -1.6688 -1.6930 -1.6910 -1.6396 -0.8699 -0.8422 -1.7267 -1.7124 -1.7474
-1.6563 -1.6858 -1.6660 -2.5564 -2.5437 -2.6195 -2.6208 -2.5976 -2.6065 -2.6001 -2.5762 -2.5581 -2.5603 -2.5606 -2.5778 -2.5887 -2.5823 -1.7601 -2.5893 -3.4010 -3.4574 -3.4610 -3.4677 -3.5420 -2.7079 -2.7678 -1.8791 -1.8993 -2.8702 -2.8957 -2.8372 -2.8246 -3.4966 -2.6166 -1.6009 -1.6012 -1.6387 -2.5066 -2.5584 -2.5186 -1.6324 -0.8372 -0.8256 0.0388 0.0358 0.0556 0.0520 0.0669 -0.8003 -0.8070 0.0303 0.0238 -0.8987 -0.9164 -0.9006 -1.7159 -1.7626 -1.7193 -1.6948 -1.6606 -1.6535 -1.6295 -1.6131 -1.6170 -1.6048 -0.8232 -0.8391 -1.6866 -1.7115 -1.7071
-1.6425 -1.6358 -1.6362 -1.6428 -2.4994 -2.4835 -2.5252 -2.5279 -2.5270 -2.5077 -2.5170 -2.4829 -2.4815 -2.4620 -2.4782 -2.5014 -2.5514 -2.5379 -1.7446 -2.5088 -3.3092 -3.3203 -3.3870 -3.4108 -2.6051 -2.6508 -1.7788 -1.8477 -1.8685 -1.8527 -1.8813 -2.7513 -2.7077 -1.7970 0.0212 0.0040 -0.8016 -0.8303 -0.7938 -0.7870 -0.7955 -0.8426 -1.6100 0.0143 -0.0037 -0.0205 -0.8142 -0.8190 -0.8474 0.0372 0.0290 0.0296 0.0045 -0.0080 -1.6619 -1.6913 -1.6931 -1.6928 -0.8330 -0.8229 -1.6090 -1.6172 -1.5972 -1.6270 -1.5895 -0.8143 -0.8173 -1.6637 -0.8511 -0.8519
-1.5777 -1.6081 -1.6061 -1.6075 -1.6144 -2.4349 -2.4519 -2.4725 -2.4361 -2.4316 -2.4299 -2.4198 -2.4129 -2.4063 -2.4077 -2.4414 -2.4419 -2.4540 -2.4448 -1.6628 -3.1921 -3.2475 -3.2757 -3.2969 -2.4996 -1.6764 -1.6978 -1.7482 -1.7340 -1.7941 -1.7669 -1.7723 -1.7560 -1.6871 -2.5225 -1.6698 -0.8095 -0.7839 -0.7567 -0.7781 -0.8118 -0.8509 -0.8741 -0.0413 -0.8554 -0.8592 -0.8738 -0.8329 0.0183 0.0232 0.0157 0.0214 0.0332 -0.0009 -0.7420 -0.7300 -0.7325 -1.6423 -0.7707 -0.7550 -0.7629 -0.7473 -0.7605 -0.7684 -0.7672 -0.0211 -0.0067 -0.8474 -0.8412 -0.8489
-1.5477 -1.5429 -1.5423 -1.5536 -1.5662 -1.5799 -2.3915 -2.3718 -2.3582 -2.3614 -2.3393 -2.3425 -2.3386 -2.3416 -2.3660 -2.3647 -2.3700 -2.3896 -2.3858 -2.4064 -1.6546 -3.1983 -3.1994 -3.2154 -2.4205 -1.6001 -1.6309 -1.6407 -1.6779 -1.6593 -1.6739 -1.6350 -1.6337 -1.6266 -2.3870 -1.5496 -0.8165 -1.5861 -1.6169 -1.6197 -1.6230 -1.6208 -0.8900 -1.6359 -0.8110 -0.0401 -0.0457 -0.0411 -0.0216 0.0281 0.0050 0.0212 -0.7071 -0.7159 -0.7274 -0.7056 -0.7119 -0.7582 0.1066 -0.7344 -0.7398 -0.7405 -0.7754 -0.7318 -0.0120 -0.0076 -0.8163 -0.8357 -0.8395 -0.8373
-1.4883 -1.5042 -1.4847 -1.4946 -1.5111 -1.5231 -1.5330 -2.2655 -2.2853 -2.2641 -2.2619 -2.2670 -2.2885 -2.2975 -2.2618 -2.2757 -2.2816 -2.2900 -2.3184 -2.3437 -2.3655 -3.0760 -3.8562 -2.2961 -1.5379 -1.5569 -1.5183 -1.5717 -1.5660 -1.5565 -1.5851 -2.3126 -2.2908 -2.3263 -2.3071 -1.5297 -1.5101 -0.8027 -0.8316 -0.7943 -0.8124 -0.7993 -0.0904 -0.1072 -0.8002 -0.0153 -0.0474 -0.0365 -0.0328 0.0042 0.0226 -0.6821 -0.7033 -0.6805 -0.7061 -0.6930 -0.6814 -0.7045 0.0964 0.1084 0.0930 -0.7225 -0.7144 -0.0207 -0.0181 -0.0168 -0.8254 -0.8184 -0.8186 -0.8082
-0.7531 -1.4442 -1.4491 -1.4610 -1.4564 -1.4492 -1.4535 -1.4712 -2.1705 -2.1906 -2.2033 -2.1816 -2.2135 -2.2052 -2.1858 -2.2119 -2.2541 -2.2439 -2.2557 -2.2794 -2.2733 -2.2711 -2.2098 -1.4751 -1.4990 -2.2345 -2.2337 -2.2204 -2.2301 -2.2419 -2.2305 -2.2538 -2.2400 -2.2338 -2.2262 -1.4513 -1.4599 -1.4456 -1.4616 -1.4418 -0.7504 -0.0952 -0.0663 -0.0945 -0.0943 -0.7966 -0.0188 -0.0054 -0.6991 -0.6976 -0.6557 -0.6736 -0.6751 -0.6830 -0.6814 -0.6716 -0.6650 -0.6849 0.1004 0.1087 0.1244 0.1103 0.7894 0.7760 0.7976 0.0000 0.0000 0.0000 0.0000 0.0000
-0.7397 -0.7323 -1.4115 -1.4019 -1.3972 -1.3952 -1.4066 -1.4132 -1.4323 -1.4222 -1.4215 -2.1100 -2.1162 -2.1416 -2.1390 -2.1508 -2.1698 -2.2016 -2.1710 -1.4857 -1.4924 -1.5115 -0.7504 -1.4107 -1.4180 -1.4219 -1.4431 -2.1415 -2.1650 -2.1521 -2.1469 -2.1745 -2.1776 -2.1937 -1.4196 -1.4016 -1.4173 -1.4182 -1.4132 -1.4108 -0.7402 -0.7369 -0.7463 -0.7352 -0.7415 -0.7449 -0.7384 -0.6645 -0.6814 -0.6732 -0.6713 -0.6903 -0.6761 -0.6804 -0.6688 -0.6729 -0.6561 -0.6601 0.1061 0.1072 0.0981 0.7679 0.7582 0.7748 0.0000 0.0000 0.0000 0.0000 0.0000 0.0000
-0.0565 -0.7166 -0.7049 -0.6980 -1.3482 -1.3625 -1.3893 -1.3895 -1.3874 -1.3847 -1.4009 -1.3893 -1.4037 -1.4089 -1.4078 -1.4349 -1.4261 -1.4271 -1.4465 -1.4392 -1.4457 -0.7337 -0.7283 -0.7197 -0.7309 -1.3750 -1.3801 -1.3644 -1.3709 -2.0855 -2.0942 -2.1098 -2.0999 -2.1233 -1.4005 -1.4119 -1.3917 -1.3790 -0.7233 -0.7266 -0.7326 -0.7149 -0.7296 -0.7375 -0.7286 -0.7157 -0.7374 -0.7311 -0.0108 -0.6561 -0.6674 -0.6666 -0.6673 -0.6858 -0.6663 -0.6625 -0.6320 0.1025 0.7210 0.7263 0.7279 0.7393 0.0000 0.0000 0.0000 0.0000 0.0000 0.0000 0.0000 0.0000
-0.0523 -0.6757 -0.6849 -0.6791 -0.6807 -1.3297 -1.3286 -1.3579 -1.3599 -1.3629 -1.3551 -1.3525 -1.3744 -1.3741 -1.3650 -1.3779 -1.3766 -1.3999 -1.3992 -0.7194 -0.7275 -0.7146 -0.7151 -0.7113 -0.7146 -0.7111 -0.7186 -1.3400 -1.2949 -1.3110 -1.3245 -2.0324 -2.0352 -1.3540 -1.3546 -1.3783 -0.7309 -0.7047 -0.7088 -0.7006 -0.7059 -0.7018 -0.6902 -0.7007 -0.6998 -0.7185 -0.7234 -0.7209 -0.7306 -0.7303 -0.7282 -0.0379 -0.0354 -0.0435 -0.0375 -0.0244 -0.0697 0.7099 0.6968 0.7121 0.0000 0.0000 0.0000 0.0000 0.0000 0.0000 0.0000 0.0000 0.0000 0.0000
-0.0447 -0.6468 -0.6675 -0.6597 -0.6501 -0.6608 -0.6603 -0.6576 -1.3192 -1.3266 -1.3338 -1.3256 -1.3371 -1.3180 -1.3358 -1.3572 -0.6922 -0.7017 -0.7037 -0.6915 -0.6985 -0.6821 -0.6769 -0.6811 -0.6799 -0.7131 -0.7019 -0.6852 -0.6845 -0.6740 -0.6766 -0.6626 -0.6647 0.0000 -0.6967 -0.6979 -0.7226 -0.7151 -0.6896 -0.7028 -0.6812 -0.6873 -0.6913 -0.6844 -0.6947 -0.6898 -0.6960 -0.7096 -0.6962 -0.7037 -0.7126 -0.7077 -0.7084 -0.7146 -0.7110 -0.7552 0.0000 0.0000 0.0000 0.0000 0.0000 0.0000 0.0000 0.0000 0.0000 0.0000 0.0000 0.0000 0.0000 0.0000
0.5855 0.0000 -0.6361 -0.6415 -0.6351 -0.6380 -0.6390 -0.6331 -0.6323 -0.6338 -0.6395 -0.6406 -0.6517 -0.6545 -0.6640 -0.6559 -0.6715 -0.6791 -0.6739 -0.6737 -0.6757 -0.6617 -0.6602 -0.6646 -0.6801 -0.6642 -0.6738 -0.6607 -0.6623 -0.6570 -0.6652 0.0000 0.0000 0.0000 0.0000 0.0000 -0.6828 -0.6860 -0.6860 -0.6746 -0.6791 -0.6726 -0.6713 -0.6761 -0.6719 -0.6784 -0.6928 -0.6725 -0.6855 -0.6821 -0.6802 -0.6762 -0.7024 -0.6955 -0.7201 0.0000 0.0000 0.0000 0.0000 0.0000 0.0000 0.0000 0.0000 0.0000 0.0000 0.0000 0.0000 0.0000 0.0000 0.0000
0.0000 0.0000 0.0000 0.0000 0.0000 0.0000 -0.6219 -0.6107 -0.6270 -0.6359 -0.6203 -0.6313 -0.6319 -0.6273 -0.6377 -0.6435 -0.6722 -0.6695 -0.6555 -0.6560 -0.6608 -0.6438 -0.6411 -0.6414 -0.6424 -0.6375 -0.6381 -0.6547 -0.6508 -0.6410 0.0000 0.0000 0.0000 0.0000 0.0000 0.0000 0.0000 0.0000 0.0000 -0.6705 -0.6719 -0.6861 -0.6512 -0.6682 -0.6558 -0.6551 -0.6651 -0.6569 -0.6636 -0.6642 -0.6583 -0.6973 -0.7002 0.0000 0.0000 0.0000 0.0000 0.0000 0.0000 0.0000 0.0000 0.0000 0.0000 0.0000 0.0000 0.0000 0.0000 0.0000 0.0000 0.0000
0.0000 0.0000 0.0000 0.0000 0.0000 0.0000 0.0000 0.0000 0.0000 0.0000 0.0000 -0.6188 -0.6189 -0.6151 -0.6122 -0.6164 -0.6310 -0.6359 -0.6312 -0.6417 -0.6506 -0.6211 -0.6229 -0.6167 -0.6208 -0.6264 -0.6099 0.0000 0.0000 0.0000 0.0000 0.0000 0.0000 0.0000 0.0000 0.0000 0.0000 0.0000 0.0000 0.0000 0.0000 0.0000 -0.6597 -0.6767 -0.6689 -0.6730 -0.6846 -0.6828 -0.6880 -0.6904 0.0000 0.0000 0.0000 0.0000 0.0000 0.0000 0.0000 0.0000 0.0000 0.0000 0.0000 0.0000 0.0000 0.0000 0.0000 0.0000 0.0000 0.0000 0.0000 0.0000
0.0000 0.0000 0.0000 0.0000 0.0000 0.0000 0.0000 0.0000 0.0000 0.0000 0.0000 0.0000 0.0000 0.0000 0.0000 0.0000 0.0000 0.0000 0.0000 0.0000 0.0000 0.0000 0.0000 0.0000 0.0000 0.0000 0.0000 0.0000 0.0000 0.0000 0.0000 0.0000 0.0000 0.0000 0.0000 0.0000 0.0000 0.0000 0.0000 0.0000 0.0000 0.0000 0.0000 0.0000 0.0000 0.0000 0.0000 0.0000 0.0000 0.0000 0.0000 0.0000 0.0000 0.0000 0.0000 0.0000 0.0000 0.0000 0.0000 0.0000 0.0000 0.0000 0.0000 0.0000 0.0000 0.0000 0.0000 0.0000 0.0000 0.0000
0.0000 0.0000 0.0000 0.0000 0.0000 0.0000 0.0000 0.0000 0.0000 0.0000 0.0000 0.0000 0.0000 0.0000 0.0000 0.0000 0.0000 0.0000 0.0000 0.0000 0.0000 0.0000 0.0000 0.0000 0.0000 0.0000 0.0000 0.0000 0.0000 0.0000 0.0000 0.0000 0.0000 0.0000 0.0000 0.0000 0.0000 0.0000 0.0000 0.0000 0.0000 0.0000 0.0000 0.0000 0.0000 0.0000 0.0000 0.0000 0.0000 0.0000 0.0000 0.0000 0.0000 0.0000 0.0000 0.0000 0.0000 0.0000 0.0000 0.0000 0.0000 0.0000 0.0000 0.0000 0.0000 0.0000 0.0000 0.0000 0.0000 0.0000
0.0000 0.0000 0.0000 0.0000 0.0000 0.0000 0.0000 0.0000 0.0000 0.0000 0.0000 0.0000 0.0000 0.0000 0.0000 0.0000 0.0000 0.0000 0.0000 0.0000 0.0000 0.0000 0.0000 0.0000 0.0000 0.0000 0.0000 0.0000 0.0000 0.0000 0.0000 0.0000 0.0000 0.0000 0.0000 0.0000 0.0000 0.0000 0.0000 0.0000 0.0000 0.0000 0.0000 0.0000 0.0000 0.0000 0.0000 0.0000 0.0000 0.0000 0.0000 0.0000 0.0000 0.0000 0.0000 0.0000 0.0000 0.0000 0.0000 0.0000 0.0000 0.0000 0.0000 0.0000 0.0000 0.0000 0.0000 0.0000 0.0000 0.0000
0.0000 0.0000 0.0000 0.0000 0.0000 0.0000 0.0000 0.0000 0.0000 0.0000 0.0000 0.0000 0.0000 0.0000 0.0000 0.0000 0.0000 0.0000 0.0000 0.0000 0.0000 0.0000 0.0000 0.0000 0.0000 0.0000 0.0000 0.0000 0.0000 0.0000 0.0000 0.0000 0.0000 0.0000 0.0000 0.0000 0.0000 0.0000 0.0000 0.0000 0.0000 0.0000 0.0000 0.0000 0.0000 0.0000 0.0000 0.0000 0.0000 0.0000 0.0000 0.0000 0.0000 0.0000 0.0000 0.0000 0.0000 0.0000 0.0000 0.0000 0.0000 0.0000 0.0000 0.0000 0.0000 0.0000 0.0000 0.0000 0.0000 0.0000
0.0000 0.0000 0.0000 0.0000 0.0000 0.0000 0.0000 0.0000 0.0000 0.0000 0.0000 0.0000 0.0000 0.0000 0.0000 0.0000 0.0000 0.0000 0.0000 0.0000 0.0000 0.0000 0.0000 0.0000 0.0000 0.0000 0.0000 0.0000 0.0000 0.0000 0.0000 0.0000 0.0000 0.0000 0.0000 0.0000 0.0000 0.0000 0.0000 0.0000 0.0000 0.0000 0.0000 0.0000 0.0000 0.0000 0.0000 0.0000 0.0000 0.0000 0.0000 0.0000 0.0000 0.0000 0.0000 0.0000 0.0000 0.0000 0.0000 0.0000 0.0000 0.0000 0.0000 0.0000 0.0000 0.0000 0.0000 0.0000 0.0000 0.0000
0.0000 0.0000 0.0000 0.0000 0.0000 0.0000 0.0000 0.0000 0.0000 0.0000 0.0000 0.0000 0.0000 0.0000 0.0000 0.0000 0.0000 0.0000 0.0000 0.0000 0.0000 0.0000 0.0000 0.0000 0.0000 0.0000 0.0000 0.0000 0.0000 0.0000 0.0000 0.0000 0.0000 0.0000 0.0000 0.0000 0.0000 0.0000 0.0000 0.0000 0.0000 0.0000 0.0000 0.0000 0.0000 0.0000 0.0000 0.0000 0.0000 0.0000 0.0000 0.0000 0.0000 0.0000 0.0000 0.0000 0.0000 0.0000 0.0000 0.0000 0.0000 0.0000 0.0000 0.0000 0.0000 0.0000 0.0000 0.0000 0.0000 0.0000
0.0000 0.0000 0.0000 0.0000 0.0000 0.0000 0.0000 0.0000 0.0000 0.0000 0.0000 0.0000 0.0000 0.0000 0.0000 0.0000 0.0000 0.0000 0.0000 0.0000 0.0000 0.0000 0.0000 0.0000 0.0000 0.0000 0.0000 0.0000 0.0000 0.0000 0.0000 0.0000 0.0000 0.0000 0.0000 0.0000 0.0000 0.0000 0.0000 0.0000 0.0000 0.0000 0.0000 0.0000 0.0000 0.0000 0.0000 0.0000 0.0000 0.0000 0.0000 0.0000 0.0000 0.0000 0.0000 0.0000 0.0000 0.0000 0.0000 0.0000 0.0000 0.0000 0.0000 0.0000 0.0000 0.0000 0.0000 0.0000 0.0000 0.0000
0.0000 0.0000 0.0000 0.0000 0.0000 0.0000 0.0000 0.0000 0.0000 0.0000 0.0000 0.0000 0.0000 0.0000 0.0000 0.0000 0.0000 0.0000 0.0000 0.0000 0.0000 0.0000 0.0000 0.0000 0.0000 0.0000 0.0000 0.0000 0.0000 0.0000 0.0000 0.0000 0.0000 0.0000 0.0000 0.0000 0.0000 0.0000 0.0000 0.0000 0.0000 0.0000 0.0000 0.0000 0.0000 0.0000 0.0000 0.0000 0.0000 0.0000 0.0000 0.0000 0.0000 0.0000 0.0000 0.0000 0.0000 0.0000 0.0000 0.0000 0.0000 0.0000 0.0000 0.0000 0.0000 0.0000 0.0000 0.0000 0.0000 0.0000
0.0000 0.0000 0.0000 0.0000 0.0000 0.0000 0.0000 0.0000 0.0000 0.0000 0.0000 0.0000 0.0000 0.0000 0.0000 0.0000 0.0000 0.0000 0.0000 0.0000 0.0000 0.0000 0.0000 0.0000 0.0000 0.0000 0.0000 0.0000 0.0000 0.0000 0.0000 0.0000 0.0000 0.0000 0.0000 0.0000 0.0000 0.0000 0.0000 0.0000 0.0000 0.0000 0.0000 0.0000 0.0000 0.0000 0.0000 0.0000 0.0000 0.0000 0.0000 0.0000 0.0000 0.0000 0.0000 0.0000 0.0000 0.0000 0.0000 0.0000 0.0000 0.0000 0.0000 0.0000 0.0000 0.0000 0.0000 0.0000 0.0000 0.0000
0.0000 0.0000 0.0000 0.0000 0.0000 0.0000 0.0000 0.0000 0.0000 0.0000 0.0000 0.0000 0.0000 0.0000 0.0000 0.0000 0.0000 0.0000 0.0000 0.0000 0.0000 0.0000 0.0000 0.0000 0.0000 0.0000 0.0000 0.0000 0.0000 0.0000 0.0000 0.0000 0.0000 0.0000 0.0000 0.0000 0.0000 0.0000 0.0000 0.0000 0.0000 0.0000 0.0000 0.0000 0.0000 0.0000 0.0000 0.0000 0.0000 0.0000 0.0000 0.0000 0.0000 0.0000 0.0000 0.0000 0.0000 0.0000 0.0000 0.0000 0.0000 0.0000 0.0000 0.0000 0.0000 0.0000 0.0000 0.0000 0.0000 0.0000
0.0000 0.0000 0.0000 0.0000 0.0000 0.0000 0.0000 0.0000 0.0000 0.0000 0.0000 0.0000 0.0000 0.0000 0.0000 0.0000 0.0000 0.0000 0.0000 0.0000 0.0000 0.0000 0.0000 0.0000 0.0000 0.0000 0.0000 0.0000 0.0000 0.0000 0.0000 0.0000 0.0000 0.0000 0.0000 0.0000 0.0000 0.0000 0.0000 0.0000 0.0000 0.0000 0.0000 0.0000 0.0000 0.0000 0.0000 0.0000 0.0000 0.0000 0.0000 0.0000 0.0000 0.0000 0.0000 0.0000 0.0000 0.0000 0.0000 0.0000 0.0000 0.0000 0.0000 0.0000 0.0000 0.0000 0.0000 0.0000 0.0000 0.0000
