风场图/AgeDiffAve0020-8099_-180-180.txt
ncols           720
nrows           360
xllcorner      -180
yllcorner       -90
cellsize        0.5
NODATA_value  -9999
[rows 62 to 92 of 360, columns 210 to 279 of 720]
0.0000 0.0000 0.0000 0.0000 0.0000 0.0000 0.0000 0.0000 0.0000 0.0000 0.0000 0.0000 0.0000 0.0000 0.0000 0.0000 0.0000 0.0000 0.0000 0.0000 0.0000 0.0000 0.0000 0.0000 0.0000 0.3269 0.2660 0.1664 0.1423 0.3560 0.4551 0.6659 0.8400 0.9209 0.9565 0.9647 0.9722 0.9771 0.9645 1.3477 1.8115 1.8329 1.8266 1.7550 1.7221 2.0814 2.0663 1.6983 1.7196 1.8380 1.8156 1.7673 1.7462 2.1548 2.1436 2.1498 1.8798 2.1608 1.8487 1.9306 2.2969 2.3341 2.3166 1.9222 1.9587 1.5201 1.0866 1.0570 1.5158 1.5346
0.0000 0.0000 0.0000 0.0000 0.0000 0.0000 0.0000 0.0000 0.0000 0.0000 0.0000 0.0000 0.0000 0.0000 0.0000 0.0000 0.0000 0.0000 0.0000 0.0000 0.0000 0.0000 0.0000 0.0000 0.0000 0.0000 0.3018 0.1640 0.3373 0.3453 0.4175 0.5994 0.7876 0.9198 0.9711 0.9685 0.9656 0.9667 1.4426 1.8329 1.8576 1.8688 1.8670 1.7658 2.1077 2.1053 2.1082 1.7612 1.8639 1.8632 1.8454 1.8134 1.7990 2.1994 2.4916 2.2654 2.2829 2.2732 2.2774 2.4413 2.4293 2.4865 2.4961 2.3911 1.9801 1.0696 1.0973 1.0607 1.0969 1.5207
0.0000 0.0000 0.0000 0.0000 0.0000 0.0000 0.0000 0.0000 0.0000 0.0000 0.0000 0.0000 0.0000 0.0000 0.0000 0.0000 0.0000 0.0000 0.0000 0.0000 0.0000 0.0000 0.0000 0.0000 0.0000 0.0000 0.0000 0.5119 0.4326 0.4238 0.4275 0.5345 0.7222 0.8722 0.9178 0.9487 0.9597 1.4169 1.4267 1.8395 1.8533 1.8805 1.8075 2.1387 2.1188 2.1380 2.1301 1.7815 1.8969 1.8792 1.8594 1.8452 2.5287 2.3017 2.3020 2.2959 2.3160 2.7055 2.8024 2.3779 2.4021 2.4161 2.4897 2.3726 1.9727 1.6111 1.0913 1.1100 1.5096 1.5501
0.0000 0.0000 0.0000 0.0000 0.0000 0.0000 0.0000 0.0000 0.0000 0.0000 0.0000 0.0000 0.0000 0.0000 0.0000 0.0000 0.0000 0.0000 0.0000 0.0000 0.0000 0.0000 0.0000 0.0000 0.0000 0.0000 0.0000 0.0000 0.8077 0.7917 0.7375 0.7580 0.8746 1.0823 0.8542 0.9046 0.9292 1.3998 1.8253 1.8568 1.8971 1.8837 1.8178 2.1789 2.1641 2.1749 2.1846 1.8385 1.9612 2.2196 2.1927 2.5714 2.3468 2.3488 2.3378 2.3306 2.7568 2.7243 2.4597 2.3981 2.4067 2.4301 1.9423 1.9551 1.9572 2.0231 1.1874 1.2159 1.1816 1.5196
0.0000 0.0000 0.0000 0.0000 0.0000 0.0000 0.0000 0.0000 0.0000 0.0000 0.0000 0.0000 0.0000 0.0000 0.0000 0.0000 0.0000 0.0000 0.0000 0.0000 0.0000 0.0000 0.0000 0.0000 0.0000 0.0000 0.0000 0.0000 0.9309 0.9384 0.8510 0.7890 0.8045 0.9113 1.0495 1.1674 1.7036 1.3945 1.8231 1.5393 1.5877 1.6094 1.9042 1.8883 1.8960 2.1860 2.1992 1.8687 1.9492 1.9168 1.9202 1.7418 1.6967 1.7161 1.8864 1.8986 1.9498 1.9382 1.5554 1.5481 1.5640 1.1356 1.0338 1.0667 1.0375 2.2364 1.2846 1.5536 1.4608 1.7739
0.0000 0.0000 0.0000 0.0000 0.0000 0.0000 0.0000 0.0000 0.0000 0.0000 0.0000 0.0000 0.0000 0.0000 0.0000 0.0000 0.0000 0.0000 0.0000 0.0000 0.0000 0.0000 0.0000 0.0000 0.0000 0.0000 0.0000 0.0000 0.9934 1.0331 1.0218 0.9088 0.7621 0.7513 0.7714 1.2583 1.3413 1.8646 2.3388 1.9867 1.8831 1.8499 1.7957 1.8194 1.8119 1.8551 1.5338 1.4996 1.6089 1.5635 1.5771 1.5161 1.9371 1.8985 1.9130 1.9298 1.9563 2.0499 1.5881 1.5412 1.1370 1.4527 1.5969 1.6423 2.0735 2.0913 1.5541 0.8458 0.7165 1.1029
0.0000 0.0000 0.0000 0.0000 0.0000 0.0000 0.0000 0.0000 0.0000 0.0000 0.0000 0.0000 0.0000 0.0000 0.0000 0.0000 0.0000 0.0000 0.0000 0.0000 0.0000 0.0000 0.0000 0.0000 0.0000 0.0000 0.0000 0.0000 0.0000 0.0000 0.9806 1.2596 1.1676 1.0803 1.4271 1.1370 1.2123 1.8110 1.9227 2.0363 2.1547 1.7327 2.1885 2.2259 2.2676 2.3390 2.0050 1.3236 1.3021 1.1602 1.5898 1.9878 1.9688 1.9260 1.9376 1.9287 2.2201 1.9523 2.2083 1.7405 1.7287 1.7433 1.0915 1.5204 1.6257 1.7241 1.5357 1.1450 1.0893 1.0538
0.0000 0.0000 0.0000 0.0000 0.0000 0.0000 0.0000 0.0000 0.0000 0.0000 0.0000 0.0000 0.0000 0.0000 0.0000 0.0000 0.0000 0.0000 0.0000 0.0000 0.0000 0.0000 0.0000 0.0000 0.0000 0.0000 0.0000 0.0000 0.0000 0.0000 0.0000 0.0000 0.0000 0.7325 1.1900 1.1245 1.0712 1.3580 1.3599 1.4140 1.4965 1.5242 1.9057 2.0486 2.1655 1.7807 1.7795 1.8124 1.5050 2.0571 2.3032 2.3126 2.2972 1.9803 1.3887 1.2879 1.3317 1.7493 1.2238 1.1950 1.1421 1.0195 1.4617 1.6747 1.7809 1.7430 1.1796 1.6222 1.5551 1.1324
0.0000 0.0000 0.0000 0.0000 0.0000 0.0000 0.0000 0.0000 0.0000 0.0000 0.0000 0.0000 0.0000 0.0000 0.0000 0.0000 0.0000 0.0000 0.0000 0.0000 0.0000 0.0000 0.0000 0.0000 0.0000 0.0000 0.0000 0.0000 0.0000 0.0000 0.0000 0.0000 0.0000 0.0000 0.0000 1.3218 1.2646 1.4451 1.3751 1.3376 1.1664 1.4384 1.5757 1.2747 1.4851 1.9225 1.9729 1.7408 2.1413 2.1690 1.9332 1.8042 1.7855 1.6966 1.7250 1.6661 1.5776 1.2392 1.2306 1.5176 1.0702 1.4158 1.6325 2.7995 2.8760 2.8572 1.8822 0.9486 1.2652 1.7906
0.0000 0.0000 0.0000 0.0000 0.0000 0.0000 0.0000 0.0000 0.0000 0.0000 0.0000 0.0000 0.0000 0.0000 0.0000 0.0000 0.0000 0.0000 0.0000 0.0000 0.0000 0.0000 0.0000 0.0000 0.0000 0.0000 0.0000 0.0000 0.0000 0.0000 0.0000 0.0000 0.0000 0.0000 0.0000 0.0000 0.0000 1.5223 1.4755 1.3223 1.2943 1.5820 1.5798 1.7901 1.1207 1.2726 1.7364 1.9949 2.1396 2.1140 2.1620 2.3545 2.2682 2.2337 2.1727 2.1415 1.6203 2.2986 2.2715 2.1849 2.6498 2.7469 2.3575 2.4350 2.4681 2.0267 1.4728 1.4431 1.3377 1.3660
0.0000 0.0000 0.0000 0.0000 0.0000 0.0000 0.0000 0.0000 0.0000 0.0000 0.0000 0.0000 0.0000 0.0000 0.0000 0.0000 0.0000 0.0000 0.0000 0.0000 0.0000 0.0000 0.0000 0.0000 0.0000 0.0000 0.0000 0.0000 0.0000 0.0000 0.0000 0.0000 0.0000 0.0000 0.0000 0.0000 0.0000 0.0000 1.7489 1.9024 1.0801 0.9748 1.3352 1.4936 0.8721 1.1917 1.4572 2.3707 2.5026 3.1371 3.2175 3.7927 3.9298 2.8630 2.8515 2.2399 2.1774 2.3023 2.2751 2.2021 2.3983 2.3344 2.5853 2.6203 2.1629 2.1610 1.4233 1.2923 1.3643 1.2723
0.0000 0.0000 0.0000 0.0000 0.0000 0.0000 0.0000 0.0000 0.0000 0.0000 0.0000 0.0000 0.0000 0.0000 0.0000 0.0000 0.0000 0.0000 0.0000 0.0000 0.0000 0.0000 0.0000 0.0000 0.0000 0.0000 0.0000 0.0000 0.0000 0.0000 0.0000 0.0000 0.0000 0.0000 0.0000 0.0000 0.0000 0.0000 1.6373 1.9564 1.4243 1.2475 1.3392 1.6697 1.9638 2.2572 2.5263 3.1528 3.4108 3.7308 3.4165 3.4218 3.3554 3.3105 2.3033 2.3050 1.7359 1.8375 2.4001 2.3233 2.5629 2.5517 2.6440 2.6988 2.2640 2.1772 1.5069 1.3741 1.3584 1.2745
0.0000 0.0000 0.0000 0.0000 0.0000 0.0000 0.0000 0.0000 0.0000 0.0000 0.0000 0.0000 0.0000 0.0000 0.0000 0.0000 0.0000 0.0000 0.0000 0.0000 0.0000 0.0000 0.0000 0.0000 0.0000 0.0000 0.0000 0.0000 0.0000 0.0000 0.0000 0.0000 0.0000 0.0000 0.0000 0.0000 0.0000 0.0000 0.0000 2.4368 2.2062 2.0489 2.5823 2.2726 2.2998 2.4414 2.8680 3.0390 2.8961 3.1023 3.3559 2.8951 2.3393 2.2981 1.6429 1.6108 1.8241 1.9711 2.5107 2.4917 2.5271 2.5921 2.6320 2.2660 2.3584 1.7246 1.6183 1.4786 0.2315 0.1284
0.0000 0.0000 0.0000 0.0000 0.0000 0.0000 0.0000 0.0000 0.0000 0.0000 0.0000 0.0000 0.0000 0.0000 0.0000 0.0000 0.0000 0.0000 0.0000 0.0000 0.0000 0.0000 0.0000 0.0000 0.0000 0.0000 0.0000 0.0000 0.0000 0.0000 0.0000 0.0000 0.0000 0.0000 0.0000 0.0000 0.0000 0.0000 0.0000 2.8454 2.9670 2.9681 2.9118 3.1524 2.7780 2.7860 2.7662 2.2599 2.2547 2.4171 2.6372 2.8102 2.9185 2.3757 2.2391 1.7604 1.7614 2.2040 2.1715 2.1044 2.2867 1.6263 1.7035 1.1470 1.1701 0.5958 -0.0523 -0.1200 -0.2484 -0.2323
0.0000 0.0000 0.0000 0.0000 0.0000 0.0000 0.0000 0.0000 0.0000 0.0000 0.0000 0.0000 0.0000 0.0000 0.0000 0.0000 0.0000 0.0000 0.0000 0.0000 0.0000 0.0000 0.0000 0.0000 0.0000 0.0000 0.0000 0.0000 0.0000 0.0000 0.0000 0.0000 0.0000 0.0000 0.0000 0.0000 0.0000 0.0000 0.0000 3.2422 3.1661 3.0251 3.3331 2.9439 2.8758 2.3289 2.7727 2.6877 2.6016 2.5431 2.6041 2.8160 2.4304 2.3871 2.3781 1.7981 1.3905 1.7627 1.7585 1.1445 1.8770 1.9061 1.9141 1.9451 1.1778 0.4592 0.3833 -0.2741 -0.2373 -0.1614
0.0000 0.0000 0.0000 0.0000 0.0000 0.0000 0.0000 0.0000 0.0000 0.0000 0.0000 0.0000 0.0000 0.0000 0.0000 0.0000 0.0000 0.0000 0.0000 0.0000 0.0000 0.0000 0.0000 0.0000 0.0000 0.0000 0.0000 0.0000 0.0000 0.0000 0.0000 0.0000 0.0000 0.0000 0.0000 0.0000 0.0000 0.0000 0.0000 3.3472 3.3167 3.0474 3.2290 3.8304 3.9403 3.9579 3.0653 2.8905 2.7092 2.5983 2.6193 2.7029 2.4614 2.1244 2.0946 1.4771 0.8449 0.7643 2.3822 1.9012 1.9659 2.0384 1.3761 0.6500 -0.1009 -0.2249 -0.1281 -0.0960 -0.0867 -0.0967
0.0000 0.0000 0.0000 0.0000 0.0000 0.0000 0.0000 0.0000 0.0000 0.0000 0.0000 0.0000 0.0000 0.0000 0.0000 0.0000 0.0000 0.0000 0.0000 0.0000 0.0000 0.0000 0.0000 0.0000 0.0000 0.0000 0.0000 0.0000 0.0000 0.0000 0.0000 0.0000 0.0000 4.2418 4.5112 0.0000 0.0000 0.0000 0.0000 3.0821 3.5756 3.7641 3.5098 3.5072 4.1654 3.6487 3.5957 2.6039 2.3809 2.2395 2.2105 1.5049 1.6964 1.7249 1.0887 1.4004 1.3884 1.2773 1.6851 1.1303 1.2192 1.2648 0.6479 0.0774 0.1055 0.0643 -0.0212 -0.0445 -0.0358 -0.1107
0.0000 0.0000 0.0000 0.0000 0.0000 0.0000 0.0000 0.0000 0.0000 0.0000 0.0000 0.0000 0.0000 0.0000 0.0000 0.0000 0.0000 0.0000 0.0000 0.0000 0.0000 0.0000 0.0000 0.0000 0.0000 0.0000 0.0000 0.0000 0.0000 0.0000 0.0000 3.8645 4.0368 4.3651 0.0000 0.0000 0.0000 0.0000 4.8426 4.4736 4.0851 3.4862 3.7371 3.5507 3.6683 3.7434 3.5329 2.9354 2.5910 2.2719 1.7631 1.1931 1.2690 1.6757 1.5587 1.4156 1.3530 1.3070 1.8421 1.3016 1.2600 0.6533 0.0411 0.1727 0.2455 0.2673 0.0704 0.0962 0.0096 -0.1346
0.0000 0.0000 0.0000 0.0000 0.0000 0.0000 0.0000 0.0000 0.0000 0.0000 0.0000 0.0000 0.0000 0.0000 0.0000 0.0000 0.0000 0.0000 2.4376 2.4748 2.9945 2.9166 0.0000 0.0000 0.0000 3.8595 0.0000 0.0000 5.5307 4.8205 4.8173 4.6352 4.3988 0.0000 0.0000 0.0000 0.0000 0.0000 4.7659 3.9455 4.1063 3.9883 3.7820 4.1186 4.0233 4.0094 3.1012 2.3227 2.2974 1.4212 1.5710 1.9436 2.0524 2.0683 1.4518 1.4032 1.4482 1.3893 1.5064 0.8264 0.7041 0.7258 0.1408 0.2323 0.3572 0.3397 0.2532 0.0405 -0.1060 -0.1687
0.0000 0.0000 0.0000 0.0000 0.0000 0.0000 0.0000 0.0000 0.0000 0.0000 0.0000 0.0000 0.0000 0.0000 0.0000 0.0000 0.0000 0.0000 0.0000 0.0000 0.0000 0.0000 0.0000 0.0000 0.0000 3.9221 5.2960 5.4440 4.7873 4.8563 4.8029 5.2691 0.0000 0.0000 0.0000 0.0000 0.0000 0.0000 0.0000 0.0000 0.0000 0.0000 0.0000 3.0411 3.2073 2.6409 2.7192 1.7159 1.5663 1.8540 1.9199 1.9968 1.9872 1.5140 1.5440 1.5100 1.4395 1.4278 0.8971 0.8430 0.8201 0.0766 0.1570 0.1966 0.3203 0.3071 0.0311 -0.0481 -0.1349 -0.1017
0.0000 0.0000 0.0000 0.0000 0.0000 0.0000 0.0000 0.0000 0.0000 0.0000 0.0000 0.0000 0.0000 0.0000 0.0000 0.0000 0.0000 0.0000 0.0000 0.0000 0.0000 0.0000 3.9964 3.4871 3.5274 4.9295 5.6149 4.8872 5.0393 5.3592 5.3266 5.5236 0.0000 0.0000 0.0000 0.0000 0.0000 0.0000 0.0000 0.0000 0.0000 0.0000 0.0000 0.0000 1.9979 2.0921 1.7926 1.1662 0.8569 0.6307 0.8496 0.8783 1.4601 1.5261 1.5560 1.5860 0.9653 0.9367 0.9785 0.9436 0.3205 0.2721 0.2236 0.1971 0.1912 0.2381 -0.0254 -0.0774 -0.1320 -0.1295
0.0000 0.0000 0.0000 0.0000 0.0000 0.0000 0.0000 0.0000 0.0000 0.0000 0.0000 0.0000 0.0000 0.0000 0.0000 0.0000 0.0000 0.0000 0.0000 0.0000 0.0000 0.0000 4.0035 3.7113 4.4090 5.9260 5.1014 5.0587 5.3803 5.6175 5.5962 0.0000 0.0000 0.0000 0.0000 0.0000 0.0000 0.0000 0.0000 0.0000 0.0000 0.0000 0.0000 0.0000 1.4683 1.3220 1.3888 0.7308 0.6144 0.1050 -0.4326 -0.3162 -0.2423 -0.1163 0.5418 0.6309 0.6969 1.2894 1.2348 1.0129 0.3137 0.3326 0.3089 0.3301 0.2298 0.8316 0.6830 0.6872 0.7421 0.0999
0.0000 0.0000 0.0000 0.0000 0.0000 0.0000 0.0000 0.0000 0.0000 0.0000 0.0000 0.0000 0.0000 0.0000 0.0000 0.0000 0.0000 0.0000 0.0000 0.0000 0.0000 4.5773 4.9600 4.2193 5.5373 5.5340 5.5502 5.7989 5.6327 5.7507 5.6400 0.0000 0.0000 0.0000 0.0000 0.0000 0.0000 0.0000 0.0000 0.0000 0.0000 0.0000 0.0000 0.0000 1.3418 1.5070 0.7453 0.6507 0.6175 -0.0981 -0.4479 -0.3576 -0.3199 -0.6482 -0.4530 0.7865 0.7724 0.9024 0.6449 -0.1521 0.2750 0.8227 0.8433 0.8805 0.8090 0.8661 1.0074 0.4229 0.3886 -0.4182
0.0000 0.0000 0.0000 0.0000 0.0000 0.0000 0.0000 0.0000 0.0000 0.0000 0.0000 0.0000 0.0000 0.0000 0.0000 0.0000 0.0000 0.0000 0.0000 0.0000 0.0000 4.5425 4.5387 5.4232 6.0505 6.0761 6.4887 6.4699 6.0377 5.8959 5.9153 0.0000 0.0000 2.9158 2.9345 0.0000 0.0000 1.5140 0.0000 0.0000 0.0000 0.0000 0.0000 0.0000 0.0000 0.6957 0.0031 0.6416 0.3379 -0.0711 -0.4506 -1.0323 -0.3179 -0.3424 0.6940 0.7912 1.1827 0.9905 0.1683 0.7070 0.5891 0.5597 1.2787 1.3241 0.8632 0.3680 0.2635 -0.5476 -0.5943 0.1431
0.0000 0.0000 0.0000 0.0000 0.0000 0.0000 0.0000 0.0000 0.0000 0.0000 0.0000 0.0000 0.0000 0.0000 0.0000 0.0000 0.0000 0.0000 0.0000 0.0000 0.0000 4.8074 4.6002 6.7357 7.2110 7.3439 7.0251 6.4684 6.2759 4.7861 3.9962 3.9172 2.2855 2.1934 2.3686 2.3912 1.6424 1.5091 0.0000 0.0000 1.8434 0.0000 0.0000 0.0000 0.0000 0.5244 1.1755 0.8442 1.0026 0.8205 -0.1557 -0.4275 0.0480 0.1642 0.6712 0.8417 0.4770 1.1815 0.9977 0.9556 0.8872 0.7584 0.7959 1.4886 1.0218 0.1767 0.0932 0.1080 0.9088 1.0487
0.0000 0.0000 0.0000 0.0000 0.0000 0.0000 0.0000 0.0000 0.0000 0.0000 0.0000 0.0000 0.0000 0.0000 0.0000 0.0000 0.0000 0.0000 0.0000 0.0000 0.0000 0.0000 0.0000 5.6357 5.9569 5.8882 0.0000 0.0000 0.0000 0.0000 0.0000 1.3521 1.2977 1.3909 1.6500 1.5409 0.6453 0.7823 0.8620 0.3837 0.3167 0.2022 -0.2511 0.4077 0.5031 1.0278 0.5859 0.2107 -0.6051 -0.5753 -0.5668 -0.0655 -0.2241 0.0672 0.0285 0.2130 1.1270 0.5260 1.3171 1.3270 1.8387 1.7941 1.2902 0.4286 0.9648 0.8555 0.7490 2.5595 2.6946 2.7503
0.0000 0.0000 0.0000 0.0000 0.0000 0.0000 0.0000 0.0000 0.0000 0.0000 0.0000 0.0000 0.0000 0.0000 0.0000 0.0000 0.0000 0.0000 0.0000 0.0000 0.0000 0.0000 0.0000 0.0000 0.0000 0.0000 0.0000 0.0000 0.0000 0.0000 0.0000 0.9270 0.9294 1.0572 1.1430 0.6615 0.6097 0.6132 0.2362 0.4053 0.3865 -0.0770 0.6830 0.3689 -0.2276 -0.1592 -0.6643 -0.5687 -0.5463 0.1565 -0.0967 -0.2755 -0.2946 0.3271 1.2825 1.1937 1.6240 2.4074 3.2869 3.5935 3.2121 3.2675 2.2965 2.1593 2.8235 2.7591 3.5964 3.6188 2.6882 2.7017
0.0000 0.0000 0.0000 0.0000 0.0000 0.0000 0.0000 0.0000 0.0000 0.0000 0.0000 0.0000 0.0000 0.0000 0.0000 0.0000 0.0000 0.0000 0.0000 0.0000 0.0000 0.0000 0.0000 0.0000 0.0000 0.0000 0.0000 0.0000 1.1650 1.1462 1.1124 0.9740 0.9992 1.0780 1.0886 0.3862 1.2725 0.7405 0.9536 1.0053 0.5827 0.6606 0.6345 0.6811 -0.2672 -0.7595 -0.6923 -0.0831 0.6941 0.5832 0.4035 0.1498 0.9905 1.2410 1.5791 1.5917 1.6470 1.7186 2.0972 3.1986 3.3321 3.2619 3.2374 3.0864 2.9079 4.5957 4.6088 3.7129 2.7321 3.7026
0.0000 0.0000 0.0000 0.0000 0.0000 0.0000 0.0000 0.0000 0.0000 0.0000 0.0000 0.0000 0.0000 0.0000 0.0000 0.0000 0.0000 3.4042 0.0000 0.0000 0.0000 0.0000 0.0000 0.0000 0.0000 2.6133 2.5273 1.7001 1.1992 1.0537 1.1227 1.0907 1.1254 1.1851 1.3921 1.4619 0.7823 0.7097 0.8169 0.7503 0.7150 0.5895 -0.0606 0.0628 0.0513 -0.6330 -0.6218 0.1298 0.6331 0.4770 -0.0349 0.5117 0.9278 1.3802 1.7036 1.7965 2.0418 2.0334 2.0702 2.3315 3.4240 3.2100 2.9953 1.9060 3.9040 4.7182 4.8607 5.6756 5.7384 3.7100
0.0000 0.0000 0.0000 0.0000 0.0000 0.0000 0.0000 0.0000 0.0000 0.0000 0.0000 0.0000 0.0000 0.0000 0.0000 3.6670 3.4860 0.0000 0.0000 0.0000 0.0000 0.0000 3.3559 2.6720 2.6077 2.4257 1.4622 1.7078 1.1617 0.9638 0.9710 1.1053 1.2373 1.2895 1.4708 1.4942 1.1076 1.0874 0.9438 -0.1598 0.5918 -0.0200 -0.0225 0.1459 -0.2812 -0.2329 0.2463 0.3189 0.1734 1.2985 0.8504 0.6639 0.9375 1.3512 1.5192 1.8874 2.1162 2.0189 1.2245 1.2945 1.2351 2.1171 3.0993 3.8867 3.9655 4.8451 5.8149 5.8258 5.7901 5.7205
0.0000 0.0000 0.0000 0.0000 0.0000 0.0000 0.0000 0.0000 0.0000 0.0000 0.0000 0.0000 2.1480 2.0530 1.6613 1.8735 2.5166 0.0000 0.0000 0.0000 0.0000 2.9765 2.6765 2.5587 2.5533 1.5691 1.5441 1.2357 1.3661 1.3583 1.2987 1.2648 1.3621 1.4834 1.6815 0.9554 0.9075 0.0649 0.1611 0.0515 -0.1965 -0.6931 -0.6239 -0.5105 -0.5172 -0.0278 0.3579 0.3757 0.9413 -0.1361 0.1363 0.8185 0.9490 1.3082 1.7092 1.1229 1.4283 1.3242 1.1333 1.9590 2.0534 2.0563 3.9918 4.9209 4.9087 4.9713 5.8963 5.8991 6.6741 6.5474
