风场图/log10PopXPreRate.txt
ncols           720
nrows           360
xllcorner      -180
yllcorner       -90
cellsize        0.5
NODATA_value  -9999
[rows 225 to 249 of 360, columns 228 to 284 of 720]
0.9645 0.8417 0.5055 0.7327 0.8459 0.7980 0.7441 1.4980 1.1644 1.0037 1.3782 1.4590 1.4052 0.8163 0.0123 -9999.0000 -9999.0000 3.1557 0.0362 0.0757 0.0402 0.0494 0.2896 0.0293 0.0357 0.0271 0.0722 0.2854 0.0600 0.0095 0.0118 0.0185 0.0056 0.0897 0.0585 0.0516 0.2090 0.2145 0.3226 0.3947 0.3831 0.5364 0.8525 0.7048 0.9484 0.8155 0.8000 0.1360 0.1687 0.2152 0.2427 0.8874 0.2016 0.1505 0.2288 0.1394 0.0773
0.4047 0.4831 0.4881 0.4493 0.5306 0.3985 0.5190 1.3592 0.6273 0.9493 1.0716 1.9224 0.5277 1.3692 -9999.0000 -9999.0000 0.0640 1.9800 0.0871 -9999.0000 0.0325 0.3039 0.5559 0.3504 0.0620 -9999.0000 -9999.0000 -9999.0000 0.0117 0.0173 0.1104 0.0516 0.0410 0.0376 0.1110 0.0982 0.1133 0.2172 0.2266 0.3365 0.2686 0.3455 0.4443 0.0962 0.5397 0.0769 0.0411 0.1269 0.0776 0.0823 0.2480 0.4381 0.2758 0.3481 0.0662 0.1169 0.0603
0.2460 0.3492 0.3722 0.4394 0.5097 0.4142 0.3980 0.6836 0.2660 0.6124 0.4921 0.7066 0.8886 0.0103 -9999.0000 -9999.0000 -9999.0000 0.0213 -9999.0000 -9999.0000 -9999.0000 0.4457 0.3465 0.2045 0.0129 -9999.0000 -9999.0000 -9999.0000 -9999.0000 0.0137 0.0404 0.0530 0.0375 0.0109 0.3709 0.3514 0.1250 0.3860 0.2113 0.5348 0.2819 0.2948 0.3264 0.0835 -9999.0000 0.0629 0.0328 -9999.0000 0.0911 0.0868 0.0435 0.1543 0.1713 0.2169 0.1661 0.0649 0.0383
0.4291 0.6025 0.3570 0.3404 0.4436 0.4493 0.3776 0.0521 0.5559 0.4523 0.0341 0.8708 0.1652 -9999.0000 -9999.0000 0.4658 0.8608 -9999.0000 -9999.0000 -9999.0000 0.0420 0.5954 0.9580 0.0438 -9999.0000 -9999.0000 -9999.0000 -9999.0000 0.0526 0.3999 0.0184 0.0214 0.0263 0.0068 0.0371 0.5179 0.1532 0.1337 0.1543 0.1606 0.2221 0.0167 0.3036 0.0442 0.0206 0.0303 0.0115 -9999.0000 0.0587 0.1211 0.1646 0.1615 0.1466 0.1506 0.1147 0.0102 0.0337
0.4194 0.4463 0.2983 0.1568 0.2346 0.4223 0.3608 0.1493 0.6775 0.5469 0.6558 0.8227 0.7314 -9999.0000 -9999.0000 0.8176 -9999.0000 -9999.0000 -9999.0000 -9999.0000 0.0660 0.6272 0.5694 0.1514 0.1509 -9999.0000 -9999.0000 0.2006 0.2941 0.2243 0.4031 0.0099 0.0135 0.0335 0.0258 0.0145 0.1973 0.1367 0.1313 0.0144 0.1131 0.0033 0.2370 0.0085 0.0101 0.0153 0.0153 0.0041 0.0180 0.0400 0.0489 0.1906 0.1234 0.1279 0.0576 0.0100 0.0364
0.6492 0.5331 0.6821 0.4519 0.3676 0.1220 0.4069 0.5111 0.6640 0.6957 0.9159 0.5237 0.7601 0.4791 0.9504 1.0856 0.8709 -9999.0000 0.5386 0.5621 0.6978 0.7556 0.6407 0.1463 0.1348 0.0036 0.1771 0.4358 0.5345 0.2844 0.0665 0.0802 0.0778 0.4918 0.3048 0.2104 0.1944 0.1531 0.1211 0.1116 0.0870 0.0575 0.2402 -9999.0000 -9999.0000 -9999.0000 -9999.0000 -9999.0000 0.0041 0.0611 0.1502 0.2355 0.0544 0.1069 0.1128 0.0822 0.1597
0.4538 0.3642 0.5134 0.3217 0.3614 0.3629 0.3566 0.7108 0.5830 0.8951 0.7949 0.5224 0.9033 0.7321 0.8926 0.9550 0.8821 0.8326 0.5804 -9999.0000 0.0298 0.2915 0.4622 0.4468 0.0872 0.2178 0.3551 0.8000 0.4186 0.2094 0.1556 0.0248 0.0158 0.1827 0.2242 0.1876 0.1323 0.1014 0.1110 0.0978 0.1092 0.2040 0.0175 0.0036 -9999.0000 0.0074 0.0058 0.0184 0.0096 0.0075 0.1041 0.0861 0.0778 0.0508 0.0771 0.0500 0.0918
0.7651 0.7132 0.3275 0.5517 0.5637 0.5192 0.3637 0.4190 0.6724 1.0185 0.8307 0.8835 1.0570 1.0008 0.8358 1.0139 0.9293 0.3370 0.0103 -9999.0000 -9999.0000 0.0089 0.1413 0.2838 0.3044 0.4383 0.0089 0.2761 0.5598 0.4548 0.4199 0.1578 0.2998 0.1098 0.3153 0.1192 0.2996 0.0938 0.0319 0.0191 -9999.0000 0.0373 0.1287 0.0387 0.0126 -9999.0000 -9999.0000 0.0033 -9999.0000 -9999.0000 0.0191 0.0251 0.0363 -9999.0000 0.0341 0.0444 0.1107
0.5449 0.8817 0.2567 0.5612 0.0840 0.2929 0.2913 0.3072 1.3063 1.0640 0.2845 0.6698 1.2715 0.8351 0.6057 0.7094 0.6889 0.7487 -9999.0000 0.0416 -9999.0000 0.0104 0.1246 0.2318 0.1116 0.0955 0.0204 0.2753 0.2699 0.0506 0.2375 0.2333 0.1608 0.1371 0.1011 0.1361 0.1464 0.1209 0.1995 0.0869 0.0501 0.0127 0.2432 0.0304 -9999.0000 -9999.0000 -9999.0000 -9999.0000 -9999.0000 0.0215 0.0190 0.0409 0.0280 0.0439 0.0229 0.0457 0.0851
0.6129 0.5637 0.1316 0.3402 0.3838 0.2201 0.3165 0.8847 0.7233 0.3105 0.4514 0.2907 0.4719 0.8022 0.6422 -9999.0000 0.0270 0.6279 0.3962 0.1079 0.3888 0.3635 0.2471 0.0908 0.5336 0.2094 -9999.0000 -9999.0000 -9999.0000 -9999.0000 -9999.0000 0.2154 0.1838 0.1140 0.0758 0.1318 0.2021 0.2826 0.4109 0.2955 0.1685 0.1793 0.0389 0.1500 0.0050 0.0032 -9999.0000 -9999.0000 -9999.0000 0.1170 0.0102 0.0019 0.0249 0.0346 0.0413 0.0270 0.1414
1.0132 0.7772 0.5194 0.4580 0.5467 0.4479 0.1782 0.4758 0.3206 0.0256 0.6859 0.1519 0.4165 1.0360 0.6837 0.5457 0.5908 0.7608 0.3865 0.4738 0.3903 -9999.0000 -9999.0000 -9999.0000 0.3964 -9999.0000 -9999.0000 -9999.0000 -9999.0000 0.0089 -9999.0000 -9999.0000 -9999.0000 0.0950 0.0024 -9999.0000 -9999.0000 -9999.0000 -9999.0000 0.0545 0.2486 0.1417 0.3421 0.2261 0.0090 -9999.0000 0.0032 -9999.0000 0.1809 0.0351 -9999.0000 0.0228 0.2032 0.1007 0.0249 0.0170 0.0299
-9999.0000 1.0788 0.7781 0.2982 0.5977 0.6925 0.3919 0.6224 0.0216 0.3363 0.3307 0.3751 0.5476 0.7364 0.7441 0.5671 0.5857 0.5258 0.3210 0.4331 0.4443 0.3649 0.2798 0.4503 0.2603 0.3469 0.2661 0.2657 0.1374 -9999.0000 0.0260 -9999.0000 -9999.0000 -9999.0000 0.0053 0.0061 -9999.0000 0.0044 -9999.0000 -9999.0000 0.1245 0.1195 0.0191 0.1506 -9999.0000 0.0026 -9999.0000 -9999.0000 -9999.0000 0.1119 -9999.0000 0.0139 0.1013 0.0848 0.0025 0.0166 -9999.0000
-9999.0000 1.2810 0.8535 0.7836 0.5933 0.6268 0.3342 0.3090 0.1949 0.3397 0.1668 0.2341 0.0318 0.5251 0.9345 0.6557 0.8546 0.5435 -9999.0000 -9999.0000 -9999.0000 -9999.0000 -9999.0000 0.2547 -9999.0000 -9999.0000 -9999.0000 -9999.0000 0.1221 0.1410 0.0719 0.0458 0.0114 0.0072 0.0057 0.0066 0.0543 0.0089 0.0097 0.0077 0.1359 0.2715 -9999.0000 0.0205 0.1495 0.0051 -9999.0000 0.0037 0.0053 0.0525 -9999.0000 -9999.0000 0.0069 0.0013 0.0031 -9999.0000 -9999.0000
-9999.0000 -9999.0000 0.8389 0.9433 0.9962 0.4275 0.5435 0.4943 0.0353 0.0634 0.2214 0.2715 0.3059 0.0800 0.5266 0.5709 0.6382 0.0219 0.0165 -9999.0000 -9999.0000 0.1153 0.0171 0.0809 0.0089 0.0087 0.0376 -9999.0000 -9999.0000 -9999.0000 -9999.0000 -9999.0000 0.0084 0.0095 -9999.0000 0.0052 0.0026 -9999.0000 0.0057 0.0036 0.0078 0.3817 0.0153 0.0117 0.0056 0.0229 0.0666 0.0674 0.0818 -9999.0000 0.0015 0.0016 0.0010 -9999.0000 -9999.0000 -9999.0000 -9999.0000
-9999.0000 -9999.0000 0.6342 0.8792 0.9406 0.6622 0.5217 0.0388 0.0713 -9999.0000 0.4677 0.1027 0.0474 0.1325 0.5555 0.3174 0.4202 0.2655 -9999.0000 0.2073 0.0108 -9999.0000 -9999.0000 0.0759 0.0121 -9999.0000 -9999.0000 0.0035 0.0094 -9999.0000 0.0008 -9999.0000 0.0031 0.0003 0.0002 0.0051 0.0022 0.0022 0.0072 0.0609 0.0748 0.1276 0.1122 0.0548 0.0356 -9999.0000 -9999.0000 -9999.0000 -9999.0000 -9999.0000 -9999.0000 -9999.0000 -9999.0000 -9999.0000 -9999.0000 -9999.0000 -9999.0000
-9999.0000 -9999.0000 0.5645 0.6472 0.7400 0.6757 0.6395 0.6747 0.5337 0.0449 0.1987 0.3120 0.3625 0.6206 0.5756 0.5002 0.4353 0.5484 0.3905 0.3810 0.0190 0.0193 0.0039 0.2458 0.0237 0.0081 0.0080 -9999.0000 0.0129 -9999.0000 0.0032 0.0332 0.0038 0.0018 -9999.0000 0.0207 0.0008 0.0003 0.0005 0.0019 0.0075 0.0065 -9999.0000 -9999.0000 -9999.0000 -9999.0000 -9999.0000 -9999.0000 -9999.0000 -9999.0000 -9999.0000 -9999.0000 -9999.0000 -9999.0000 -9999.0000 -9999.0000 -9999.0000
-9999.0000 -9999.0000 0.3642 0.5485 0.6523 0.5473 0.5125 0.4909 0.6896 0.2223 0.6632 0.1856 0.3752 0.5455 1.1943 0.7406 0.3883 0.3244 0.3537 0.1257 0.0051 0.1842 0.2898 0.3158 0.0263 -9999.0000 0.2697 0.0084 0.1090 0.0720 -9999.0000 0.0414 0.0370 0.0012 0.0003 0.0001 -9999.0000 -9999.0000 -9999.0000 -9999.0000 -9999.0000 -9999.0000 -9999.0000 -9999.0000 -9999.0000 -9999.0000 -9999.0000 -9999.0000 -9999.0000 -9999.0000 -9999.0000 -9999.0000 -9999.0000 -9999.0000 -9999.0000 -9999.0000 -9999.0000
-9999.0000 -9999.0000 -9999.0000 0.6108 0.6093 0.5389 0.4520 0.4897 0.7464 0.6510 0.7029 0.2909 0.3751 0.4950 0.2444 0.8354 0.3315 0.1103 0.2586 0.1364 0.1573 0.2269 0.2890 0.0169 0.2081 0.2268 -9999.0000 0.0033 -9999.0000 0.0247 0.0051 0.0539 0.0048 0.0178 0.0029 0.0044 0.0001 -9999.0000 -9999.0000 -9999.0000 -9999.0000 -9999.0000 -9999.0000 -9999.0000 -9999.0000 -9999.0000 -9999.0000 -9999.0000 -9999.0000 -9999.0000 -9999.0000 -9999.0000 -9999.0000 -9999.0000 -9999.0000 -9999.0000 -9999.0000
-9999.0000 -9999.0000 -9999.0000 1.1267 0.9027 0.6499 0.5014 0.5603 0.5382 0.6343 0.3979 0.0705 0.0986 0.1403 0.0703 0.5085 0.0958 0.0059 0.0103 -9999.0000 0.0102 0.0214 0.0302 0.0325 0.0820 0.1809 0.1817 0.2085 0.1465 0.2158 -9999.0000 -9999.0000 -9999.0000 -9999.0000 -9999.0000 -9999.0000 -9999.0000 -9999.0000 -9999.0000 -9999.0000 -9999.0000 -9999.0000 -9999.0000 -9999.0000 -9999.0000 -9999.0000 -9999.0000 -9999.0000 -9999.0000 -9999.0000 -9999.0000 -9999.0000 -9999.0000 -9999.0000 -9999.0000 -9999.0000 -9999.0000
-9999.0000 -9999.0000 -9999.0000 -9999.0000 0.7255 0.4441 0.4319 0.4455 0.3877 0.4271 0.3941 0.0786 0.1547 0.2052 0.0549 0.7260 0.1967 0.2324 0.1452 0.2354 0.1102 0.1271 0.1559 0.1122 -9999.0000 -9999.0000 -9999.0000 -9999.0000 -9999.0000 -9999.0000 -9999.0000 -9999.0000 -9999.0000 -9999.0000 -9999.0000 -9999.0000 -9999.0000 -9999.0000 -9999.0000 -9999.0000 -9999.0000 -9999.0000 -9999.0000 -9999.0000 -9999.0000 -9999.0000 -9999.0000 -9999.0000 -9999.0000 -9999.0000 -9999.0000 -9999.0000 -9999.0000 -9999.0000 -9999.0000 -9999.0000 -9999.0000
-9999.0000 -9999.0000 -9999.0000 0.4711 0.3874 0.3429 0.3681 0.1639 0.2039 0.2662 0.3794 0.3503 0.0764 0.1147 0.2624 0.5398 0.0416 0.0191 0.0297 0.1029 0.0264 0.0182 -9999.0000 -9999.0000 -9999.0000 -9999.0000 -9999.0000 -9999.0000 -9999.0000 -9999.0000 -9999.0000 -9999.0000 -9999.0000 -9999.0000 -9999.0000 -9999.0000 -9999.0000 -9999.0000 -9999.0000 -9999.0000 -9999.0000 -9999.0000 -9999.0000 -9999.0000 -9999.0000 -9999.0000 -9999.0000 -9999.0000 -9999.0000 -9999.0000 -9999.0000 -9999.0000 -9999.0000 -9999.0000 -9999.0000 -9999.0000 -9999.0000
-9999.0000 -9999.0000 -9999.0000 0.3476 0.3537 0.1271 0.0942 0.1039 0.1423 0.1831 0.2301 0.3117 0.2707 0.2744 0.4955 0.5136 0.3600 0.1995 0.0448 0.0115 -9999.0000 -9999.0000 -9999.0000 -9999.0000 -9999.0000 -9999.0000 -9999.0000 -9999.0000 -9999.0000 -9999.0000 -9999.0000 -9999.0000 -9999.0000 -9999.0000 -9999.0000 -9999.0000 -9999.0000 -9999.0000 -9999.0000 -9999.0000 -9999.0000 -9999.0000 -9999.0000 -9999.0000 -9999.0000 -9999.0000 -9999.0000 -9999.0000 -9999.0000 -9999.0000 -9999.0000 -9999.0000 -9999.0000 -9999.0000 -9999.0000 -9999.0000 -9999.0000
-9999.0000 -9999.0000 0.3263 0.1436 0.1833 0.1056 0.0942 0.1389 0.1066 0.1487 0.1886 0.2124 0.3970 0.3494 0.4703 0.3215 0.2529 0.2372 0.1152 0.0889 -9999.0000 -9999.0000 -9999.0000 -9999.0000 -9999.0000 -9999.0000 -9999.0000 -9999.0000 -9999.0000 -9999.0000 -9999.0000 -9999.0000 -9999.0000 -9999.0000 -9999.0000 -9999.0000 -9999.0000 -9999.0000 -9999.0000 -9999.0000 -9999.0000 -9999.0000 -9999.0000 -9999.0000 -9999.0000 -9999.0000 -9999.0000 -9999.0000 -9999.0000 -9999.0000 -9999.0000 -9999.0000 -9999.0000 -9999.0000 -9999.0000 -9999.0000 -9999.0000
-9999.0000 -9999.0000 0.2951 0.1643 0.1241 0.1410 0.1149 0.1168 0.0847 0.0951 0.1191 -9999.0000 -9999.0000 -9999.0000 -9999.0000 -9999.0000 -9999.0000 -9999.0000 -9999.0000 -9999.0000 -9999.0000 -9999.0000 -9999.0000 -9999.0000 -9999.0000 -9999.0000 -9999.0000 -9999.0000 -9999.0000 -9999.0000 -9999.0000 -9999.0000 -9999.0000 -9999.0000 -9999.0000 -9999.0000 -9999.0000 -9999.0000 -9999.0000 -9999.0000 -9999.0000 -9999.0000 -9999.0000 -9999.0000 -9999.0000 -9999.0000 -9999.0000 -9999.0000 -9999.0000 -9999.0000 -9999.0000 -9999.0000 -9999.0000 -9999.0000 -9999.0000 -9999.0000 -9999.0000
-9999.0000 -9999.0000 -9999.0000 -9999.0000 0.2244 0.1747 0.2555 0.1672 0.1079 -9999.0000 -9999.0000 -9999.0000 -9999.0000 -9999.0000 -9999.0000 -9999.0000 -9999.0000 -9999.0000 -9999.0000 -9999.0000 -9999.0000 -9999.0000 -9999.0000 -9999.0000 -9999.0000 -9999.0000 -9999.0000 -9999.0000 -9999.0000 -9999.0000 -9999.0000 -9999.0000 -9999.0000 -9999.0000 -9999.0000 -9999.0000 -9999.0000 -9999.0000 -9999.0000 -9999.0000 -9999.0000 -9999.0000 -9999.0000 -9999.0000 -9999.0000 -9999.0000 -9999.0000 -9999.0000 -9999.0000 -9999.0000 -9999.0000 -9999.0000 -9999.0000 -9999.0000 -9999.0000 -9999.0000 -9999.0000
