风场图/TPWAgeDiffAve0020-8099_-180-180.txt
ncols           720
nrows           360
xllcorner      -180
yllcorner       -90
cellsize        0.5
NODATA_value  -9999
[rows 31 to 61 of 360, columns 350 to 419 of 720]
0.4689 0.4861 0.5019 0.5184 0.5367 0.5544 0.5611 0.5735 0.5782 0.5914 0.5957 0.5927 0.5942 0.6044 0.6101 0.6081 0.6060 0.6054 0.6001 0.6094 0.0000 0.0000 0.0000 0.0000 0.0000 0.0000 0.0000 0.0000 0.0000 0.0000 0.0000 0.0000 0.0000 0.0000 0.0000 0.0000 0.0000 0.0000 0.0000 0.0000 0.0000 0.0000 0.0000 0.0000 0.0000 0.0000 0.0000 0.0000 0.0000 0.0000 0.0000 0.0000 0.0000 0.0000 0.0000 0.0000 0.0000 0.0000 0.0000 0.0000 0.0000 0.0000 0.0000 0.0000 0.0000 0.0000 0.0000 0.0000 0.0000 0.0000
0.5335 0.5408 0.5568 0.5718 0.5903 0.5961 0.6068 0.6129 0.6272 0.6281 0.6248 0.6241 0.6160 0.6410 0.6218 0.6278 0.6218 0.6231 0.6247 0.6237 0.6349 0.6284 0.6383 0.0000 0.0000 0.0000 0.0000 0.0000 0.0000 0.0000 0.0000 0.0000 0.0000 0.0000 0.0000 0.0000 0.0000 0.0000 0.0000 0.0000 0.0000 0.0000 0.0000 0.0000 0.0000 0.0000 0.0000 0.0000 0.0000 0.0000 0.0000 0.0000 0.0000 0.0000 0.0000 0.0000 0.0000 0.0000 0.0000 0.0000 0.0000 0.0000 0.0000 0.0000 0.0000 0.0000 0.0000 0.0000 0.0000 0.0000
0.5858 0.5937 0.5986 0.6082 0.6259 0.6349 0.6315 0.6430 0.6375 0.6442 0.6607 0.6421 0.6436 0.6521 1.2688 1.2545 1.2556 1.2440 1.2800 1.2712 1.2630 1.2848 1.2678 1.2697 1.2506 0.6359 0.6378 0.6269 0.6385 0.6355 0.6326 0.6408 0.0000 0.0000 0.0000 0.0000 0.0000 0.0000 0.0000 0.0000 0.0000 0.0000 0.0000 0.0000 0.0000 0.0000 0.0000 0.0000 0.0000 0.0000 0.0000 0.0000 0.0000 0.0000 0.0000 0.0000 0.0000 0.0000 0.0000 0.0000 0.0000 0.0000 0.0000 0.0000 0.0000 0.0000 0.0000 0.0000 0.0000 0.0000
0.6457 0.6481 0.6538 0.6544 0.6621 0.6550 0.6658 0.6668 1.2565 1.2617 0.6656 0.6569 1.2716 1.2669 1.2578 1.2463 1.2871 1.2607 1.2558 1.2595 1.2560 1.2516 1.2616 1.2473 1.2604 1.2491 0.6076 0.6185 0.6086 0.6133 0.6091 0.6171 0.6208 0.6248 0.6143 0.6177 0.6140 0.6113 0.0000 0.0000 0.0000 0.0000 0.0000 0.0000 0.0000 0.0000 0.0000 0.0000 0.0000 0.0000 0.0000 0.0000 0.0000 0.0000 0.0000 0.0000 0.0000 0.0000 0.0000 0.0000 0.0000 0.0000 0.0000 0.0000 0.0000 0.0000 0.0000 0.0000 0.0000 0.0000
0.6964 0.7050 0.6817 0.6848 1.0528 1.2809 1.2760 1.2842 1.2725 1.2804 1.2795 1.2941 1.2875 1.2927 1.2712 1.2788 1.2612 1.2891 1.2668 1.2688 1.2512 1.2530 1.2563 1.2850 1.2694 1.2826 1.2922 0.6120 0.6162 0.6110 0.6157 0.6124 0.6158 0.6116 0.6158 0.6205 0.6145 0.6184 0.6027 0.6171 0.6164 0.0000 0.0000 0.0000 0.0000 0.0000 0.0000 0.0000 0.0000 0.0000 0.0000 0.0000 0.0000 0.0000 0.0000 0.0000 0.0000 0.0000 0.0000 0.0000 0.0000 0.0000 0.0000 0.0000 0.0000 0.0000 0.0000 0.0000 0.0000 0.0000
1.0767 1.0643 1.0827 1.0760 1.0898 1.0864 1.0798 1.3131 1.3058 1.3123 1.3166 1.3148 1.3106 1.3188 1.3074 1.2966 1.2915 1.3003 1.2860 1.2777 1.2768 1.2788 1.2779 1.3026 1.3319 1.3219 1.3308 1.3496 0.6369 0.6406 0.6334 0.6348 0.6359 0.6254 0.6497 0.6357 0.6222 0.6305 0.6281 0.6204 0.6249 0.6344 0.6170 0.6295 0.0000 0.0000 0.0000 0.0000 0.0000 0.0000 0.0000 0.0000 0.0000 0.0000 0.0000 0.0000 0.0000 0.0000 0.0000 0.0000 0.0000 0.0000 0.0000 0.0000 0.0000 0.0000 0.0000 0.0000 0.0000 0.0000
1.9458 1.9678 1.0885 1.0916 1.1068 1.1323 1.1204 1.1175 1.1305 1.1366 1.3334 1.3241 1.3395 1.3248 1.3364 1.3473 1.3452 1.3348 1.3225 1.3362 1.3251 1.3457 1.3456 1.3694 1.3807 1.3889 1.4045 1.4058 0.6591 0.6480 0.6548 0.6502 0.6453 0.6635 0.6706 0.6627 0.6516 0.6589 0.6597 0.6478 0.6531 0.6479 0.6574 0.6452 0.6485 0.0000 0.0000 0.0000 0.0000 0.0000 0.0000 0.0000 0.0000 0.0000 0.0000 0.0000 0.0000 0.0000 0.0000 0.0000 0.0000 0.0000 0.0000 0.0000 0.0000 0.0000 0.0000 0.0000 0.0000 0.0000
1.9765 2.0051 1.9993 1.1313 1.1550 1.1713 1.1831 1.1872 1.1967 1.1809 1.1925 1.2083 1.3890 1.3941 1.3879 1.3844 1.3802 1.3780 1.3960 1.3865 1.4012 1.4181 1.4260 1.4247 1.4374 1.4347 1.4579 1.4697 0.6928 0.6880 0.6878 0.6886 0.6769 0.6932 0.6958 0.6702 0.6829 0.6690 0.6846 0.6821 0.6825 0.6870 0.6747 0.6907 0.6801 0.6840 0.6676 0.0000 0.0000 0.0000 0.0000 0.0000 0.0000 0.0000 0.0000 0.0000 0.0000 0.0000 0.0000 0.0000 0.0000 0.0000 0.0000 0.0000 0.0000 0.0000 0.0000 0.0000 0.0000 0.0000
2.9025 2.9509 2.9454 2.0715 1.1949 1.2185 1.2312 1.2388 1.2444 1.2472 1.2497 1.2671 1.2451 1.2682 1.4530 1.4539 1.4556 1.4444 1.4676 1.4404 1.4645 1.4617 1.4728 1.4938 1.4736 1.4995 1.4960 1.5105 0.7143 0.7140 0.7233 1.4292 1.4079 1.4007 1.4146 1.3885 1.3945 1.3778 1.3705 1.3832 1.3734 0.7164 0.7009 0.7044 0.6995 0.7052 0.6924 0.6866 0.0000 0.0000 0.0000 0.0000 0.0000 0.0000 0.0000 0.0000 0.0000 0.0000 0.0000 0.0000 0.0000 0.0000 0.0000 0.0000 0.0000 0.0000 0.0000 0.0000 0.0000 0.0000
2.9587 2.9730 2.9680 3.0150 3.0730 2.1955 2.2423 2.2756 1.3217 1.3339 1.3167 1.3236 1.3497 1.3481 1.3640 1.3320 1.5077 1.5093 1.5136 1.5047 1.5111 1.5004 1.5330 1.5376 2.3430 2.3097 2.2978 1.5114 1.5041 1.4666 1.4537 1.4580 1.4386 1.4305 1.4033 1.3931 1.4008 1.3556 1.3828 1.4011 1.3773 1.3926 1.3892 1.3855 1.3607 1.3580 1.3484 1.3041 0.0000 0.0000 0.0000 0.0000 0.0000 0.0000 0.0000 0.0000 0.0000 0.0000 0.0000 0.0000 0.0000 0.0000 0.0000 0.0000 0.0000 0.0000 0.0000 0.0000 0.0000 0.0000
2.9728 2.9912 3.0296 3.0620 3.0862 2.2711 2.3237 2.3350 2.3496 2.3598 1.4108 1.4176 1.4175 1.4304 1.4054 1.4429 1.4162 1.4338 2.4261 2.3916 2.3645 2.3646 2.3798 2.3579 2.3612 2.3424 2.3666 1.5150 1.5046 1.5023 1.4675 1.4603 1.4507 1.4409 1.4213 1.4102 1.4147 1.4059 1.3965 1.3915 1.3859 1.3791 1.3872 1.3651 1.3214 1.2817 1.2736 1.2067 1.1819 0.5762 0.5425 0.0000 0.0000 0.0000 0.0000 0.0000 0.0000 0.0000 0.0000 0.0000 0.0000 0.0000 0.0000 0.0000 0.0000 0.0000 0.0000 0.0000 0.0000 0.0000
3.0238 3.8874 3.9559 3.9679 4.0300 3.2170 3.2529 3.3121 3.3158 3.3199 2.4573 2.4677 3.3337 2.3579 2.3536 2.3684 2.3609 2.3366 2.3579 2.3272 2.4263 2.3952 2.3903 2.4034 2.3922 1.5657 1.5265 1.5384 1.5322 1.5300 1.5174 1.4722 1.4719 1.4331 1.4164 1.4322 1.4088 1.4121 1.3962 1.3867 1.3640 1.3642 1.3437 1.3231 1.2895 1.1871 1.1320 1.0888 1.0785 0.5242 0.5107 0.5232 0.5409 0.5611 0.0000 0.0000 0.0000 0.0000 0.0000 0.0000 0.0000 0.0000 0.0000 0.0000 0.0000 0.0000 0.0000 0.0000 0.0000 0.0000
3.1887 3.2324 3.2940 3.3519 3.4259 2.6126 3.3416 3.3722 3.3724 3.4044 3.4622 3.4340 3.4395 3.4089 3.4279 2.4359 2.4243 2.4439 2.4069 2.4223 2.3857 2.4639 2.4216 2.4092 1.5671 1.5828 1.5583 1.5573 1.5344 1.5305 1.5278 1.5309 1.4977 1.4900 1.4627 1.4611 1.4547 1.4464 1.4424 1.4221 1.3976 1.3547 1.3027 1.2337 1.1512 1.0506 0.9798 0.9791 0.4964 0.5196 0.5568 0.5563 0.5781 0.5897 0.6093 0.0000 0.0000 0.0000 0.0000 0.0000 0.0000 0.0000 0.0000 0.0000 0.0000 0.0000 0.0000 0.0000 0.0000 0.0000
3.2620 3.2717 3.3670 3.4102 2.6270 2.6754 2.7304 2.7814 2.8337 2.8344 3.5220 3.5080 3.5116 3.5368 3.5113 3.4898 2.4592 2.4765 2.4428 2.4255 2.4347 2.4229 1.5755 1.6343 1.5924 1.5893 1.5683 1.5756 1.5541 1.5593 1.5565 1.5635 1.5621 1.5227 1.4885 1.4926 1.4911 1.4842 1.4836 1.4416 1.3899 1.3067 1.1963 1.1188 1.0248 0.9750 0.9731 1.0029 0.5127 0.5459 0.5773 0.6097 0.6138 0.6214 0.6286 0.6444 0.0000 0.0000 0.0000 0.0000 0.0000 0.0000 0.0000 0.0000 0.0000 0.0000 0.0000 0.0000 0.0000 0.0000
3.7369 3.7828 3.8575 3.9240 3.1324 3.1378 3.1951 2.7183 2.8064 2.8168 2.9421 2.9480 2.9190 2.8767 3.4953 3.5079 3.4611 2.4526 2.5296 1.6472 1.6469 1.6351 1.6258 1.5949 1.6060 1.6126 1.6109 1.6129 1.6181 1.5804 1.5913 1.6082 1.5891 1.5778 1.5555 1.5600 1.5321 1.4706 1.4319 1.3789 1.3115 1.2054 1.1093 1.0764 1.0491 1.0493 1.0945 0.5651 0.5651 0.5905 0.5999 0.6069 0.6352 0.6539 0.6770 0.6870 0.6929 0.0000 0.0000 0.0000 0.0000 0.0000 0.0000 0.0000 0.0000 0.0000 0.0000 0.0000 0.0000 0.0000
4.8291 4.9212 3.9078 3.1349 3.1769 3.1833 3.2627 3.3199 3.3160 3.3576 2.9089 2.9223 2.9782 2.9511 2.9748 2.0545 2.6733 2.6583 1.6634 1.6565 1.6522 1.6330 1.6629 1.6650 1.6536 1.6383 1.6427 1.6548 1.6399 1.6429 1.6369 1.6402 1.6558 1.6780 1.6197 1.5740 1.5357 1.4383 1.3176 1.2680 1.2192 1.1504 1.1168 1.1381 1.1599 1.1869 0.5825 0.5971 0.6247 0.6392 0.6427 0.6549 0.6678 0.6733 0.7157 0.7222 0.7330 0.7396 0.0000 0.0000 0.0000 0.0000 0.0000 0.0000 0.0000 0.0000 0.0000 0.0000 0.0000 0.0000
4.6234 4.6981 3.8909 3.0739 3.1180 3.1777 3.2833 3.2982 3.3351 3.4572 2.0341 2.0708 2.6235 2.0634 2.1290 2.1310 2.0861 2.1230 1.6794 1.6950 1.6702 1.6675 1.6534 1.6683 1.6502 1.6552 1.6935 1.6821 1.7033 1.7155 1.7182 1.7055 1.7153 1.7354 1.7088 1.5924 1.5124 1.4128 1.3229 1.2236 1.1938 1.1593 1.1690 1.2296 0.5987 0.6288 0.6115 0.6310 0.6277 0.6646 0.6729 0.6895 0.6936 0.7118 0.7521 0.7447 0.7629 0.7677 0.7882 0.0000 0.0000 0.0000 0.0000 0.0000 0.0000 0.0000 0.0000 0.0000 0.0000 0.0000
4.0971 4.1130 3.3019 3.3527 3.2068 2.5700 2.6294 2.5473 2.6094 2.6296 2.5964 2.5992 2.7088 1.8642 1.3835 1.3558 1.3665 2.1289 1.1104 1.7197 1.7141 1.7162 1.6974 1.7032 1.6984 1.7056 1.7469 1.7492 1.7595 1.7493 1.7725 1.8085 1.7787 1.7759 1.7448 1.6235 1.4671 1.3715 1.3194 1.2766 1.2319 1.2576 0.6199 0.6300 0.6438 0.6504 0.6538 0.6471 0.6529 0.6617 0.6773 0.7033 0.7374 0.7587 0.7624 0.7864 0.7982 0.7939 0.8031 0.0000 0.0000 0.0000 0.0000 0.0000 0.0000 0.0000 0.0000 0.0000 0.0000 0.0000
4.2157 3.3370 3.2217 3.3096 3.3654 3.1958 3.2524 2.6411 2.6128 2.7187 2.6844 2.7379 2.7334 2.7848 2.7422 2.8057 1.3810 1.3992 0.3624 0.3790 1.7420 1.7303 1.7323 1.7359 1.7216 1.7279 1.7280 1.7698 1.7741 1.7729 1.8186 1.8251 1.8270 1.7873 1.7028 1.5881 1.4319 1.3365 1.2879 1.2761 0.6246 0.6375 0.6626 0.6624 0.6584 0.6691 0.6824 0.6717 0.6851 0.6845 0.7022 0.7192 0.7612 0.7941 0.7904 0.8089 0.8038 0.8123 0.8048 0.0000 0.0000 0.0000 0.0000 0.0000 0.0000 0.0000 0.0000 0.0000 0.0000 0.0000
3.2573 3.2871 3.3269 3.3988 3.4644 3.5069 3.3332 3.4227 2.6780 2.7401 2.7549 2.7809 2.7807 2.8224 2.7752 2.8266 2.8670 1.7480 0.8690 0.8793 0.8532 1.4775 2.2260 1.7406 1.7663 1.7499 1.7699 1.7638 1.8042 1.8018 1.8229 1.8072 1.7890 1.7415 1.6859 1.5690 0.7567 0.6696 0.6508 0.6478 0.6525 0.6850 0.6989 0.6826 0.6861 0.6803 0.6892 0.7150 0.7078 0.7011 0.7196 0.7441 0.7738 0.8061 0.8067 0.7987 0.8313 0.8339 0.0000 0.0000 0.0000 0.0000 0.0000 0.0000 0.0000 0.0000 0.0000 0.0000 0.0000 0.0000
3.3120 3.3690 3.4389 3.4819 3.5659 3.6475 3.6527 3.5140 3.5485 2.7960 2.8445 2.8392 3.3264 3.2945 3.3098 3.3834 3.3758 1.7644 1.8058 0.8454 0.8673 1.4748 1.4889 1.5323 2.2984 2.2391 2.2934 2.3071 2.3513 1.8143 1.7665 1.7467 0.8626 0.8495 0.8152 0.7588 0.7413 0.7260 0.6776 0.6979 0.7050 0.7236 0.7174 0.7153 0.6970 0.7058 0.7162 0.7242 0.7265 0.7377 0.7423 0.7618 0.7839 0.7989 0.8129 0.8166 0.8232 0.8315 0.0000 0.0000 0.0000 0.0000 0.0000 0.0000 0.0000 0.0000 0.0000 0.0000 0.0000 0.0000
4.4957 4.5062 4.5843 4.6591 4.7253 4.7395 5.2143 5.0908 5.2084 5.2287 2.8610 3.3422 4.4165 4.3708 4.4040 4.4489 3.3646 2.3073 1.7604 1.7921 0.8858 1.5318 1.5144 1.5445 1.5341 2.3267 2.3179 2.2996 2.2968 2.2720 1.3822 1.3651 1.3480 0.7979 0.7567 0.7223 0.7083 0.7299 0.6960 0.7034 0.7304 0.7472 0.7484 0.7334 0.7260 0.7350 0.7458 0.7497 0.7669 0.7741 0.7744 0.7910 0.7978 0.8014 0.8211 0.8324 0.8425 0.0000 0.0000 0.0000 0.0000 0.0000 0.0000 0.0000 0.0000 0.0000 0.0000 0.0000 0.0000 0.0000
4.8816 4.9778 5.0635 5.1652 5.2066 5.2880 5.3354 5.1966 5.2294 5.3227 4.4622 4.4435 4.4931 4.4682 3.3882 3.4413 3.4249 3.4735 2.8461 2.9287 2.9493 1.5981 1.5483 1.5487 1.5340 1.5285 2.2747 2.1693 2.1020 2.0944 1.3028 1.2865 1.2160 1.1501 1.0900 0.6694 0.6851 0.7155 0.7570 0.7267 0.7308 0.7331 0.7403 0.7579 0.7638 0.7698 0.7652 0.7805 0.7976 0.7960 0.7867 0.8206 0.8021 0.8133 0.8404 0.0000 0.0000 0.0000 0.0000 0.0000 0.0000 0.0000 0.0000 0.0000 0.0000 0.0000 0.0000 0.0000 0.0000 0.0000
4.8347 5.0153 5.0349 5.1831 5.2425 5.2807 5.2052 5.2501 5.3355 5.3672 4.4807 4.4585 4.5393 3.4301 3.4669 3.4926 3.4853 3.5432 2.9496 2.9889 3.0013 3.6170 2.5358 1.4598 1.3708 1.3173 1.2209 1.7801 1.7090 1.7479 1.0966 1.1021 1.0918 1.0667 1.0330 1.0200 0.6505 0.6723 0.7161 0.7099 0.7151 0.7291 0.7510 0.7785 0.7929 0.8146 0.8114 0.8259 0.8057 0.7984 0.8010 0.8115 0.8272 0.8234 0.0000 0.0000 0.0000 0.0000 0.0000 0.0000 0.0000 0.0000 0.0000 0.0000 0.0000 0.0000 0.0000 0.0000 0.0000 0.0000
4.7372 4.8667 5.0785 5.2132 5.2821 5.2978 5.2272 5.3042 5.3516 5.4220 3.3831 3.4382 3.4616 3.4486 3.4708 3.5274 3.5736 3.5717 3.0246 3.0207 3.5721 3.4776 2.4219 2.1999 1.1645 1.0837 0.9916 1.5193 1.4720 1.5071 0.9657 1.0116 1.0579 1.0503 1.0695 1.0998 1.1385 0.6946 0.7105 0.7325 0.7260 0.7320 0.7689 0.7759 0.8111 0.8309 0.8270 0.8394 0.8235 0.8264 0.8260 0.8107 0.0000 0.0000 0.0000 0.0000 0.0000 0.0000 0.0000 0.0000 0.0000 0.0000 0.0000 0.0000 0.0000 0.0000 0.0000 0.0000 0.0000 0.0000
4.7843 4.8923 4.9815 5.2177 5.2803 5.1894 5.2766 5.2964 5.3491 5.4401 3.4076 3.4478 3.4537 3.4781 3.4865 2.7053 2.6985 2.1510 2.2316 2.8983 2.6998 2.5022 1.5652 1.3907 1.2320 0.4157 0.8889 0.9103 1.4969 0.9218 0.9668 1.0363 1.0822 1.1008 1.1301 1.1734 1.1733 1.2158 0.7194 0.7581 0.7740 0.7438 0.7810 0.8001 0.8194 0.8462 0.8419 0.8277 0.8454 0.0000 0.0000 0.0000 0.0000 0.0000 0.0000 0.0000 0.0000 0.0000 0.0000 0.0000 0.0000 0.0000 0.0000 0.0000 0.0000 0.0000 0.0000 0.0000 0.0000 0.0000
5.7224 5.8479 5.9962 6.1073 6.0922 6.1008 6.2390 6.3229 5.3040 4.3820 3.4701 3.4689 2.6236 2.6415 2.6657 2.6741 2.7523 2.1467 2.9264 2.9275 2.7725 2.4931 1.5358 1.4046 1.2846 1.1735 0.3457 0.3273 0.2834 0.3022 0.3264 1.1221 1.1558 1.1899 1.2047 1.2232 1.2750 1.3085 1.3378 0.7498 0.7731 0.7710 0.7929 0.8193 0.8472 0.0000 0.0000 0.0000 0.0000 0.0000 0.0000 0.0000 0.0000 0.0000 0.0000 0.0000 0.0000 0.0000 0.0000 0.0000 0.0000 0.0000 0.0000 0.0000 0.0000 0.0000 0.0000 0.0000 0.0000 0.0000
5.8656 5.9826 6.1356 6.0593 6.0937 6.2645 5.2868 5.3469 4.5900 4.6364 2.6092 2.5951 3.8071 2.6649 2.6795 2.1472 2.8464 2.9075 2.9672 2.9591 2.8091 1.7571 1.5701 1.4187 1.2496 1.1426 1.1320 0.2906 0.2945 0.3089 0.3392 0.3706 0.4056 1.2929 1.2945 1.3015 1.3113 1.3350 1.4028 0.0000 0.0000 0.0000 0.0000 0.0000 0.0000 0.0000 0.0000 0.0000 0.0000 0.0000 0.0000 0.0000 0.0000 0.0000 0.0000 0.0000 0.0000 0.0000 0.0000 0.0000 0.0000 0.0000 0.0000 0.0000 0.0000 0.0000 0.0000 0.0000 0.0000 0.0000
6.1203 6.2782 6.1672 6.1314 5.2283 5.2114 4.5435 4.5931 4.6715 3.6905 3.7575 3.7659 3.8708 3.8901 4.0035 2.8039 2.8480 2.8832 2.9263 2.9494 2.9403 1.7957 1.5852 1.2978 1.1236 1.0679 0.4532 1.1043 0.2965 0.3062 0.3146 0.3585 0.3827 -0.2815 -0.2357 0.6576 0.6703 0.6757 0.6681 0.0000 0.0000 0.0000 0.0000 0.0000 0.0000 0.0000 0.0000 0.0000 0.0000 0.0000 0.0000 0.0000 0.0000 0.0000 0.0000 0.0000 0.0000 0.0000 0.0000 0.0000 0.0000 0.0000 0.0000 0.0000 0.0000 0.0000 0.0000 0.0000 0.0000 0.0000
6.2986 6.2124 5.3356 5.3515 5.4173 4.5734 4.5529 4.5836 3.7687 3.7652 3.8466 3.8524 4.0111 3.9840 3.9666 4.0132 4.0696 2.8586 2.9214 2.9113 1.8873 1.8561 1.5897 1.2887 0.4693 0.0071 0.5947 0.6475 -0.3037 -0.2937 -0.3537 -0.3246 -0.3128 -0.1116 -0.1193 -0.1083 -0.1204 -0.1199 0.7144 0.0000 0.0000 0.0000 0.0000 0.0000 0.0000 0.0000 0.0000 0.0000 0.0000 0.0000 0.0000 0.0000 0.0000 0.0000 0.0000 0.0000 0.0000 0.0000 0.0000 0.0000 0.0000 0.0000 0.0000 0.0000 0.0000 0.0000 0.0000 0.0000 0.0000 0.0000
5.3628 5.4091 5.3893 5.4456 3.8345 3.7039 3.6918 2.8262 2.8624 3.7548 3.1403 3.1544 3.2232 3.2503 3.2413 3.2236 3.2972 3.2946 2.0847 1.0773 1.0883 1.0902 0.0417 0.0391 0.0483 0.6510 0.6909 0.6878 -0.2935 -0.3540 -0.3596 -0.3196 -0.1118 -0.1119 -0.1177 -0.1227 -0.1169 -0.1299 -0.1226 0.0000 0.0000 0.0000 0.0000 0.0000 0.0000 0.0000 0.0000 0.0000 0.0000 0.0000 0.0000 0.0000 0.0000 0.0000 0.0000 0.0000 0.0000 0.0000 0.0000 0.0000 0.0000 0.0000 0.0000 0.0000 0.0000 0.0000 0.0000 0.0000 0.0000 0.0000
