风场图/TPWAgeDiffAve0020-8099_-180-180.txt
ncols           720
nrows           360
xllcorner      -180
yllcorner       -90
cellsize        0.5
NODATA_value  -9999
[rows 124 to 154 of 360, columns 70 to 139 of 720]
-1.3767 0.6112 0.9813 -0.2689 -4.0929 -2.9976 -3.7362 -4.0708 -0.7636 2.1381 1.9321 0.1225 -0.0241 0.2123 -0.0853 0.0969 -2.6452 -2.5257 -0.3673 1.7101 1.9363 4.5351 3.8650 7.5366 7.8949 5.0620 3.9702 5.5105 4.3447 3.0024 4.7723 2.6805 2.3200 4.1159 5.9001 5.9584 4.6122 3.7239 5.1339 5.0691 4.4915 5.2876 5.2512 5.9771 5.3625 5.7444 1.2146 1.7562 2.4987 4.7125 1.1168 1.5818 1.3744 0.2530 -0.6515 3.5589 4.6028 1.6636 6.1821 4.6457 5.3130 6.6825 7.0857 8.7153 9.5356 10.8546 15.4786 13.1576 12.8090 12.3478
-1.3811 -0.8352 -2.2609 -3.5731 -3.3144 -3.4712 -2.2519 -4.2628 -0.3451 2.1804 2.0671 1.8620 1.6782 3.9349 3.4581 3.8585 4.2615 3.2292 -0.4476 0.0730 0.4525 2.1018 4.0245 2.5710 5.4294 3.9138 2.5924 4.7105 4.7273 6.1809 6.1341 4.0960 3.2762 2.8406 3.4113 7.0152 6.4723 5.0254 4.5844 4.6610 4.1038 5.4403 5.1897 5.9447 6.6396 6.9991 5.0851 3.2680 3.2616 1.0954 1.2382 0.9224 0.0801 -0.7072 0.0038 1.5628 1.6454 1.4782 1.9349 5.7555 7.1501 6.5397 5.0398 8.3040 7.8427 10.0007 10.4379 10.4327 12.3879 11.8389
0.3328 -0.8598 -3.5802 -4.8747 -4.0809 -2.4202 -2.3328 -2.4301 -2.4996 2.4550 2.1582 1.6307 1.7325 1.5301 3.6359 2.7320 4.0368 4.8340 4.8979 3.4604 3.8855 5.2967 5.9079 6.4896 2.2209 0.5104 5.3353 4.1776 5.3399 3.0424 2.9820 0.7589 -0.5277 -1.5115 0.4025 0.9872 1.5720 3.7881 5.9937 4.4346 4.7312 5.1848 4.9586 6.5486 6.8090 6.5116 7.0079 4.5168 1.9171 1.2191 0.1556 1.1595 -0.4190 -3.1083 -1.8092 -0.5371 -0.4598 -0.9311 1.3469 4.5633 6.7779 4.8480 5.2384 5.0672 7.6685 8.0774 9.4047 9.8949 9.1504 9.6994
-1.4325 -2.4277 -5.2909 -3.6795 -4.8485 -2.2926 -2.3240 -2.0516 -4.7503 -2.8156 0.4735 2.0768 -0.4288 1.3388 3.6105 3.7505 4.2439 4.3206 4.9645 1.7784 3.6550 5.5727 6.0275 1.4368 0.2890 -1.2821 0.1736 0.1928 -0.1026 -1.1996 2.9439 2.2927 0.8818 0.3644 1.3401 3.1290 1.6336 1.8107 1.6443 1.0678 3.2297 5.4677 4.6431 6.1904 7.5541 8.0487 7.3238 6.7963 3.4545 0.7486 -1.0054 -0.9586 -2.1363 -2.3745 -0.1502 -0.3974 -1.1425 -1.1005 -0.3410 -0.5377 3.6145 2.5054 4.7125 5.1422 7.8611 8.3022 8.7180 9.0680 5.1017 5.3407
-3.6043 -7.4834 -7.5906 -5.5720 -5.2892 -4.2024 -4.2984 -4.4108 -4.0965 -0.6192 0.4717 2.3950 3.4909 3.8350 4.2160 4.5311 4.4789 4.4408 3.3526 1.6681 3.3278 3.2068 2.8003 0.7755 4.9796 -0.0962 -0.4487 -0.3666 -3.9804 -2.9869 0.5158 -1.3529 -1.1391 2.0389 2.2719 1.9301 1.8775 1.2452 4.1905 3.9214 3.3957 3.7351 3.7923 1.0498 3.0650 2.4208 2.0270 2.3853 4.8797 1.1464 1.4492 -0.8109 -2.3049 -1.7011 -1.6189 -0.2167 -0.6118 -0.7183 -0.4552 -0.2778 -0.3944 2.2148 1.7650 2.5646 4.1867 4.4588 6.4360 5.8610 5.0478 4.7899
-7.0202 -11.0552 -9.8387 -10.1363 -7.9469 -9.7431 -7.1515 -5.4284 -3.1075 -2.9495 -1.8179 -1.5371 2.9231 3.3317 3.1170 2.9096 2.9311 3.5740 3.4934 1.6546 3.6108 2.0400 1.7107 -1.0307 -1.0252 -2.2655 1.2310 -2.1620 -2.0877 -1.2318 -1.4201 -3.2389 -3.6238 -3.4206 -2.2170 -1.8772 -0.0157 0.2404 3.2501 3.6666 2.6521 3.0562 2.9481 2.9594 2.7845 2.5431 1.3631 0.6741 1.3361 -2.6256 -3.3032 -1.3099 -0.5873 -2.8042 -3.0289 -2.1886 -2.4924 -3.2734 -2.5401 -2.1150 -0.6338 -1.1598 -0.4883 2.5458 1.1026 0.6087 1.8913 2.5709 3.9510 4.3387
-7.6616 -10.5107 -10.3164 -10.5701 -7.9860 -7.4899 -5.2076 -4.8889 -3.4855 -2.9794 -4.4904 -3.1933 -3.0234 1.3483 5.1542 4.8392 6.1733 5.5433 4.3233 2.1078 2.1585 2.2122 2.1301 -1.4585 -0.9137 -3.4701 -3.8529 -5.4578 -4.2285 -4.5501 -4.4747 -3.5368 -3.1724 -3.9375 -2.3474 -2.3961 -2.0113 -1.4032 0.5034 0.7232 0.6080 0.1582 0.1391 0.7021 0.1612 -0.9742 -0.8636 -0.6149 -0.2010 -0.7441 -2.6725 -1.6393 -1.2199 -0.9724 -1.3643 -1.4867 -2.7743 -2.9196 -3.0117 -1.4790 -1.0568 -0.8480 -0.0139 0.1900 0.1592 0.4091 -0.2375 0.7647 3.4322 3.9978
-7.6419 -9.4986 -11.0263 -10.7450 -8.0141 -6.1452 -5.1668 -4.7438 -4.6779 -4.3932 -2.4810 -1.1246 -1.0472 -0.5552 -0.4989 2.1782 0.7918 -0.1325 -0.4121 -0.0195 0.3361 0.1273 0.5557 -6.1894 -5.9475 -5.2401 -5.6221 -6.0403 -2.8018 -3.0003 -2.5862 -2.5160 -3.3063 -3.9046 -2.3943 -1.7746 -0.7812 -0.5222 0.2377 0.6363 0.3605 -0.2451 0.0728 -0.5154 -0.0981 -1.2831 -0.7499 -0.2780 -0.2894 -1.9875 0.5134 -0.7716 -0.9206 -0.5854 -0.7430 -1.2956 -1.3458 -1.5298 -1.7211 -1.5455 -0.9518 0.0259 0.6049 0.2933 0.4324 0.1831 1.5236 1.4394 2.3126 2.6840
-7.2792 -7.5804 -8.8699 -9.0143 -8.2767 -7.9210 -8.0066 -6.2834 -4.5039 -4.5965 -4.7576 -2.9563 -2.9855 -3.0027 -1.8810 -3.5726 -1.1589 -2.6398 -2.5203 -5.4255 -5.2897 -1.3635 -3.2853 -6.5005 -6.8726 -5.7935 -4.3769 -5.2382 -5.1053 -4.7684 -4.9141 -2.8791 -2.5228 -0.9457 -1.6273 -1.4567 -0.9657 -0.5060 0.0303 -0.0785 -0.2459 -0.5421 -0.2266 -0.6995 -1.4520 -1.3259 -0.5853 0.1760 -0.0389 -1.4378 0.0793 -0.6123 -0.7613 -0.7413 -0.2887 -0.9718 -0.8926 0.0161 -0.6308 -0.6062 0.1422 0.4854 0.3964 0.7981 0.7444 0.4848 0.2213 1.7106 1.7946 1.9190
-6.9334 -6.8230 -8.3693 -8.8610 -8.1461 -7.8824 -7.6655 -6.8267 -5.4273 -5.0228 -4.4993 -4.3398 -5.2196 -3.6361 -3.4053 -3.5795 -3.3623 -2.8486 -2.5084 -2.1675 -3.6551 -3.9090 -3.9740 -4.8243 -4.8230 -4.1494 -4.6122 -4.1455 -4.1733 -4.4754 -4.6881 -4.6788 -4.0055 -2.4649 -1.3512 -1.1555 -1.5210 -1.3744 -1.6402 -0.9997 -0.9840 -2.8851 -2.3887 -2.8973 -3.1830 -1.2651 1.0459 2.1175 2.0288 0.8797 0.3985 -0.2823 -0.4622 -0.5826 -0.7339 -0.4953 -0.7248 -0.2803 -0.1665 -0.4730 0.0842 0.3816 -0.4009 -0.0211 0.2737 0.3328 1.6515 0.8786 0.7983 0.5597
-3.6206 -5.3379 -5.4543 -5.7236 -4.6085 -4.6748 -6.9456 -6.4610 -6.9283 -7.1381 -5.5074 -4.9019 -4.5562 -4.8461 -4.5767 -1.6744 -0.9973 -0.5932 -0.4278 -1.7445 -5.2760 -4.7889 -3.3678 -3.1476 -3.6572 -3.6123 -2.4565 -2.3430 -2.6476 -2.2087 -3.0691 -2.9046 -1.4939 -2.3801 -2.9983 -3.6088 -1.0846 -1.4595 -2.6310 -2.5505 -2.2429 -2.0965 -2.2797 -2.2529 -0.4839 -0.6553 -0.3514 -0.1938 0.0877 0.8347 0.2509 -0.2400 -0.6574 -0.3803 -0.4593 -0.7169 -0.6939 0.0497 -0.2031 -0.2844 0.1036 0.2994 0.1083 -0.2169 -0.0987 0.8986 0.7205 0.9226 0.7135 0.0257
0.1700 -0.4979 -2.9913 -3.6941 -1.9148 -2.2253 -1.9588 -2.5903 -2.9976 -4.4178 -9.0734 -8.5314 -8.4850 -4.3145 -4.0797 -3.9161 -2.0290 -1.9210 -2.1800 -3.2921 -5.2401 -4.4189 -3.9050 -0.5315 -0.8806 -0.9722 -2.2066 -2.2184 -2.1164 -1.8816 -2.2340 -2.3452 -2.1532 -2.9023 -3.2152 -3.2194 -2.9905 -3.0032 -2.4726 -2.4887 -2.3431 -2.2288 0.3701 -0.1080 -0.1922 -0.4003 -0.1923 0.0108 0.3240 0.4808 0.4773 -0.0116 -0.8700 -0.9417 -0.4337 0.1119 -0.0001 0.1046 0.2748 -0.0126 0.0804 -0.3831 -0.1299 0.0822 0.6400 0.9383 0.5305 0.0385 0.1952 0.5339
-0.9360 -1.5023 -1.4066 -0.1515 -2.0004 -1.3783 0.2581 -1.9814 -2.0419 -1.8667 -2.1662 -1.5415 -3.1573 -2.8500 -2.4852 -4.1583 -3.4425 -2.4104 -2.3180 -4.0439 -4.0153 -1.6386 0.2550 1.7970 1.5744 0.2703 -1.3218 -1.4267 -1.9004 -1.6150 -2.3850 -2.4212 -2.5568 -2.4716 -2.6066 -2.8547 -2.1001 -2.5433 -2.6103 -2.2837 -2.1418 -2.3049 0.2009 -0.0579 -0.0592 -0.1066 -0.3136 -0.4735 0.0776 0.3150 0.3772 0.6443 -0.3746 -0.6202 -0.4417 0.3018 0.1674 0.6220 1.0141 0.9458 0.7438 0.3620 -0.1383 0.6941 1.0536 0.2831 0.5483 0.3721 0.2893 0.3590
-1.1588 0.2033 -0.2890 -0.1293 0.2935 -3.0866 -3.2260 -1.5579 -1.4867 -1.6144 0.1383 -1.5170 -1.4847 -0.0106 0.3041 0.2587 0.8723 1.6632 0.2267 -1.5655 -1.1516 0.2512 0.0108 1.7708 1.7045 -0.0948 -1.0628 -1.1730 -1.7708 -1.9785 -2.9233 -2.1064 -1.9857 -1.7052 -2.5289 -2.0461 -1.9613 -2.3950 -1.1067 -0.9293 -0.4009 0.4422 0.1729 0.4519 0.1328 -0.4501 -0.5173 -0.0525 0.3068 0.3646 0.5163 0.1770 -0.0251 -0.2803 0.1859 0.6521 1.0287 1.2935 1.5177 1.2554 0.9364 0.5044 0.2631 0.8610 0.6247 0.2497 0.0071 0.4171 0.7096 0.4061
0.4214 0.2170 0.0336 0.1047 -1.7117 -1.1506 -1.4033 -1.9616 -1.4626 -1.3583 -1.3731 -1.3926 -1.6659 0.1769 -0.1024 0.5905 0.7074 0.8788 1.7112 -0.0706 1.5815 1.6191 0.2956 2.2473 2.2794 0.3685 -0.1819 -0.2751 -1.2580 -2.8961 -2.5725 -1.8090 -1.8093 -0.0073 -0.1795 -0.0446 -0.2146 0.1666 -0.5854 -0.5302 -0.2987 -0.0235 0.1806 0.4429 0.0261 -0.4313 -0.0597 0.6504 0.5966 0.1642 0.8244 -0.0336 0.0657 0.1748 0.0367 1.0322 0.9868 1.6985 1.6020 1.6028 1.0087 0.2811 0.6282 0.6738 0.5314 0.3878 0.3739 0.5420 0.5080 0.1979
4.3961 3.5346 3.7035 1.6749 0.0571 -0.9535 -1.2758 -1.6074 -1.3350 -1.2592 -1.1650 -1.3855 -1.5110 -1.3456 -1.3176 -0.7700 -0.8721 -1.0110 -0.1505 -0.0361 0.2176 0.2295 2.0987 2.0999 2.3059 -0.0506 0.1338 -0.7103 -1.4716 -1.7730 -1.7132 0.3802 0.7155 0.9040 0.5981 0.2428 0.0628 -0.5889 -0.8250 -0.6845 -0.0530 -0.2910 -0.2459 0.3921 0.3518 0.1099 0.0516 0.5837 0.2872 0.6042 0.4656 0.3083 0.1900 0.5250 0.9625 0.8459 1.2452 1.0802 1.4394 1.5244 1.2225 0.8723 0.6736 0.4386 0.7586 0.6971 0.6695 0.6115 0.4852 -0.1491
1.3119 2.7337 2.6258 1.0693 0.5088 0.5748 0.6155 0.5846 0.6473 0.2545 0.3792 0.5545 0.2470 0.3856 0.4243 0.9658 0.8945 0.7752 0.8786 0.7035 -0.7075 -0.7133 -0.1114 0.2923 0.0918 -0.6023 -0.0447 -0.5429 -1.2288 -1.7954 0.4241 0.3213 0.6491 0.9785 1.0993 0.0398 0.2809 -0.1520 -0.8391 -1.0366 -0.2933 0.0285 -0.1422 0.2126 0.6552 0.2868 -0.2083 -0.4914 -0.1225 0.2037 0.3556 0.3223 0.1764 0.5801 1.0661 0.8946 0.8719 1.2936 1.5925 1.4026 1.2618 0.6312 0.4813 0.6781 0.6681 0.5920 0.5100 0.8636 0.9054 0.3605
-0.1386 1.2103 1.3459 1.4358 1.4510 1.2085 0.4456 0.7098 0.5632 0.5612 0.5126 0.2483 0.4593 0.5189 0.6476 0.8683 1.2178 1.1208 0.8074 0.4285 0.6403 -0.6994 -0.7809 -0.4356 0.0161 -0.3028 -0.0978 -0.6737 -0.9810 0.6729 0.8673 1.1936 1.2129 1.0598 0.6899 0.1406 0.0200 -0.0495 -0.5958 -0.8008 -0.6734 -0.4762 -0.2095 0.6500 0.4374 -0.0514 0.0110 -0.0009 0.3238 0.2711 0.0941 -0.0028 0.0464 0.4635 0.8484 1.0034 1.0234 0.6660 1.1122 1.3148 1.1575 0.5682 0.4501 0.5413 0.8233 0.7306 1.0362 0.9036 0.9450 0.1500
-0.2917 -0.3247 1.7533 1.6791 1.8888 1.5818 1.0149 0.7184 1.1622 0.9983 0.8232 1.0639 1.0011 0.1688 0.5481 1.4601 1.4585 1.0169 0.8586 1.0962 1.2987 1.1527 -0.5738 -0.3042 -0.3259 -0.8644 -0.7217 -1.0504 0.4048 0.2628 0.5429 1.4877 1.1700 1.0061 0.7475 1.2122 0.7175 0.2835 -0.3340 -0.2844 -0.3847 -0.3491 0.1106 0.5284 0.0554 0.0675 -0.0880 0.3115 0.6104 0.5354 0.0680 0.2779 0.1239 0.2098 1.0498 0.9298 0.9554 0.6405 1.1580 0.9460 1.3191 0.8470 0.8113 0.9858 0.9619 1.0584 0.8097 0.8875 0.8224 0.3418
-1.6415 -1.8653 -1.4232 0.0842 0.2191 1.5170 1.2724 0.8597 1.1043 1.0334 0.8199 1.0957 1.1180 0.8597 0.8331 1.0949 1.3280 1.0127 0.8988 1.3628 1.2008 1.2348 1.5879 -0.2574 -0.3312 -0.7463 -0.8781 -1.1350 0.2195 0.2127 0.9388 0.8042 1.1756 0.4658 0.9538 0.8362 0.9363 0.4790 0.1808 0.0415 0.3086 0.2208 0.6216 0.7701 0.5332 -0.0328 0.0198 0.2635 0.3246 0.5330 0.4316 0.2496 0.1826 0.6447 1.3700 1.2171 1.1234 1.6793 1.5311 1.2139 0.9607 0.7969 1.0093 1.0350 1.1294 0.9408 1.1680 1.2557 1.0150 0.5412
0.6251 -1.5302 -1.3697 -1.5190 -0.1460 -0.0915 -0.4843 0.3607 0.8554 1.1698 1.3979 1.5845 1.5637 1.4433 1.2856 0.8852 1.0077 1.3379 1.1052 1.5144 1.2328 1.1192 1.4816 1.1398 -0.6710 -0.9223 -1.4163 0.1364 -0.0330 0.3951 0.5821 0.9057 0.2747 0.4808 0.3324 0.2921 0.5436 0.5494 0.5315 0.4525 0.3739 0.5625 0.5264 0.9568 1.0395 1.2156 1.2251 1.2239 1.0252 0.8336 0.4274 0.6719 0.8163 0.9401 0.9019 1.7292 1.7487 1.4759 1.3473 1.1306 0.8860 0.4710 1.2495 1.4467 1.3075 1.3140 1.1042 1.2835 0.9479 0.5527
2.1801 0.3256 0.7281 0.4120 -0.2026 0.0641 -0.2969 -0.5210 0.9960 1.1665 1.2013 1.3256 1.3608 1.2944 0.7437 0.6470 0.4483 0.5822 1.1622 1.0719 1.1611 1.4133 1.3382 1.3738 -0.6879 -1.7994 -1.8091 0.1250 0.3592 0.3350 0.4967 0.6752 -0.1361 0.3096 0.5730 0.5174 0.7352 0.7828 0.8167 0.7613 0.8351 0.7833 0.8138 0.7617 1.1499 0.9840 1.3824 1.2262 1.3502 1.0465 1.0660 1.3281 0.9473 0.8668 1.0631 1.0671 1.4493 1.4233 0.9522 0.9232 0.7720 0.7578 0.8699 1.3213 1.4938 1.1263 1.1253 1.0493 1.3242 0.8163
2.1203 2.3225 1.1158 0.7412 -0.2525 -0.1319 0.0723 -0.3326 -0.2433 2.0379 1.9023 1.6632 1.5205 1.7541 1.2810 1.1521 0.8917 1.3715 1.3891 1.3524 1.4136 1.3679 1.1930 -0.6116 -1.2659 -1.3939 -1.7248 0.2764 0.4305 0.2898 0.2566 0.0732 0.1275 0.9426 0.7662 1.0106 1.2209 1.1960 1.1480 0.8647 1.4795 1.0956 1.3331 1.2062 1.0822 1.2846 1.1370 0.9786 1.3177 1.4650 1.6868 1.7822 1.9383 1.2901 1.1539 0.9922 0.8674 1.2417 1.1522 1.0156 0.7836 0.7265 0.7740 0.9791 1.4220 1.1362 1.1660 1.2801 1.5222 1.1877
1.2193 2.0271 2.2573 1.9807 -0.4297 -0.2317 0.0166 -0.0351 -0.2933 0.0429 2.2981 2.3302 2.0764 1.8983 2.1570 2.2937 1.8341 2.2883 2.3354 1.9498 1.9734 2.0516 1.7137 -0.2706 -0.6265 -0.9934 -1.1292 0.8339 1.0831 0.6529 0.8058 0.0417 0.8262 0.9185 0.9646 1.0915 1.2923 1.2823 1.3895 1.5853 1.2715 1.2115 1.5462 1.4850 1.3294 1.1647 0.9023 0.8116 0.8724 1.1336 1.4317 1.7964 1.7055 1.1848 0.9240 1.0157 1.0465 1.2322 1.4100 1.2896 1.1549 0.8868 0.8623 1.1743 1.3017 1.1855 1.1967 1.3487 1.3635 1.2042
0.7678 2.0117 1.7918 1.7842 0.9671 1.1150 1.8228 -0.1576 0.1321 0.1806 0.0806 2.5496 2.4031 2.1717 2.4773 2.0460 2.2435 2.4944 2.1829 2.3058 2.1200 1.8633 1.7061 -0.3116 -0.1360 -0.6414 -0.2885 1.4115 1.4714 1.4374 1.2698 0.7394 0.8813 0.7828 1.4189 1.2667 1.2815 1.1711 1.3122 1.6925 1.6374 1.4963 1.8438 1.6911 1.6795 1.4230 1.1818 1.0493 0.6778 0.9715 1.1800 1.8124 1.5099 1.2793 0.5520 0.4721 0.8656 1.1413 1.4139 1.3794 1.3589 1.3959 1.2754 1.5098 1.3780 1.2735 1.3498 1.3556 1.4891 1.5204
0.1440 1.1325 1.0372 1.2829 1.3826 1.1078 1.3097 1.1289 -0.3186 0.0040 -0.1684 2.5393 2.2198 2.2210 2.2711 2.0765 2.3665 2.1680 2.6203 2.6288 2.3162 2.2019 1.9672 -0.0649 -0.2886 -0.3073 -0.2281 1.8449 1.8868 1.6925 1.3767 0.7876 1.1916 1.4333 1.4256 1.5793 1.9583 1.8032 1.8421 2.1632 2.1093 1.5369 1.2107 1.1661 0.9256 1.1205 1.1570 0.9481 1.1292 1.2990 1.4266 1.5287 1.3425 0.9648 0.7271 0.5070 0.6654 0.8607 1.3536 1.7734 1.6766 1.2539 1.3354 1.2291 1.4552 1.3775 1.2724 1.3878 1.3136 1.2966
0.0110 0.5103 0.4531 1.1105 1.0449 0.9390 1.0182 1.0930 1.1666 -0.2802 -0.0532 -0.1339 2.2272 2.7076 2.7226 2.9037 2.8434 2.7658 2.5294 2.0778 2.1161 1.8312 1.5232 -0.2060 -0.4871 -0.3795 -0.3289 1.3814 1.3885 1.0257 1.0939 0.7970 1.3377 1.6357 1.7181 1.6810 1.8612 1.9808 2.2948 2.7156 2.3962 1.8157 1.5900 1.1165 0.5531 0.1676 0.4225 0.4492 0.5311 0.4650 0.8547 1.0522 0.9491 0.7996 0.4934 0.2496 0.5925 0.7300 1.1459 1.4710 1.5777 1.6336 1.3415 1.3608 1.2386 1.3051 1.2574 1.1539 1.1849 1.2906
0.1436 0.4784 0.7031 0.7341 0.8572 0.6022 1.1069 1.0546 1.1354 1.2125 -0.6370 -0.6730 2.3586 2.2274 2.7938 3.0228 3.1843 3.1892 2.8998 2.4290 2.1768 1.8611 1.3736 -0.1353 -0.5209 -0.3055 -0.6799 -0.7618 1.1608 1.0037 1.0092 1.1036 1.6449 1.9909 1.9200 2.0848 2.0046 2.1350 2.3155 2.7790 2.4470 2.1802 1.7340 1.5089 0.7220 0.3950 -0.0121 0.2715 0.5999 0.5270 0.3722 0.4838 0.5291 0.5256 0.0858 0.0628 0.3276 0.3694 0.6846 0.7863 1.0783 1.4329 1.4240 1.2948 1.2813 1.3160 1.0786 1.1202 1.4215 1.2392
0.2451 0.2562 0.5847 2.8970 2.7986 2.7078 2.7548 0.2122 0.1321 0.5888 0.9079 1.4760 2.1544 2.1280 3.0385 2.9928 2.6372 2.8242 2.4071 2.4255 2.5544 1.7449 1.4283 -0.2334 -0.0872 -0.3929 -0.4886 -0.8956 0.8457 1.1944 0.9386 1.4266 2.1424 2.3137 2.4700 2.1181 2.3615 2.1922 2.2624 2.3924 2.5168 2.2917 2.4668 2.0280 1.4092 0.5876 0.9586 0.4995 0.7776 0.8370 0.1663 0.4341 0.3815 0.4952 0.2198 0.3768 0.4877 0.2392 0.4677 0.7187 0.6831 0.6121 1.2059 1.3178 1.1503 1.1688 1.0989 1.0849 1.1092 1.2573
4.1226 4.5169 3.2290 3.0761 3.4377 3.2375 3.0426 2.8473 2.8573 2.7912 2.3905 2.8649 6.2665 4.1147 3.3042 2.7398 2.6660 2.3654 2.2697 2.1432 1.9760 1.5737 1.5196 1.5575 -0.1615 -0.2241 -0.5791 -0.6297 -0.4960 1.0811 1.3957 2.0614 2.3781 2.3679 2.3620 2.3330 2.0412 2.0828 2.0055 2.2949 2.2312 1.8203 1.9280 2.2105 1.7331 1.0031 0.9152 0.7411 0.9574 0.9895 0.2608 0.2953 0.3271 0.5442 0.3994 0.7808 0.5876 0.9071 0.9474 1.1830 0.9593 0.7279 0.7623 0.8676 0.7063 0.7046 0.8853 0.8559 0.9775 1.0100
4.5159 5.1017 5.5833 3.6107 1.5259 1.6197 3.1994 3.4883 3.0487 2.5514 2.8052 2.6161 6.5970 6.2004 9.1020 9.2023 6.1023 5.9625 6.0271 4.1896 3.9603 3.7016 3.4891 1.7460 -0.2294 -0.3972 -0.8840 -0.7896 -0.5679 -0.3594 1.4682 1.8378 2.1034 2.3616 2.3706 2.1509 2.0465 2.1534 2.1201 2.3021 1.9148 1.8187 1.6618 1.4294 1.4408 1.0725 0.7116 0.6370 1.0686 0.9641 0.2644 0.2919 0.5663 0.9036 0.9781 0.8254 1.0258 0.9448 1.2967 1.2842 1.0733 0.7670 0.5963 0.6759 0.3164 0.0177 0.1220 0.2824 0.5827 0.8553
