风场图/TPWAgeDiffAve0020-8099_-180-180.txt
ncols           720
nrows           360
xllcorner      -180
yllcorner       -90
cellsize        0.5
NODATA_value  -9999
[rows 62 to 92 of 360, columns 210 to 279 of 720]
0.0000 0.0000 0.0000 0.0000 0.0000 0.0000 0.0000 0.0000 0.0000 0.0000 0.0000 0.0000 0.0000 0.0000 0.0000 0.0000 0.3329 1.0281 1.0306 0.9521 0.8680 0.8309 0.8924 1.0417 1.8699 1.9916 2.1513 1.6833 1.7432 2.5141 2.0760 2.1157 2.1655 2.1786 2.2457 2.1772 2.1970 2.2077 2.1840 2.6088 3.2960 3.3558 3.3086 3.2469 3.2898 4.3098 4.3421 3.7937 3.8583 4.4293 4.4136 4.4110 4.3948 4.8977 4.9516 5.0072 4.7183 5.1116 4.1348 4.0098 4.5708 4.4919 4.3592 3.1276 3.2019 2.3529 2.3822 2.4706 3.2919 3.4074
0.0000 0.0000 0.0000 0.0000 0.0000 0.0000 0.0000 0.0000 0.0000 0.0000 0.0000 0.0000 0.0000 0.0000 0.0000 0.0000 0.3199 0.3188 0.9606 0.9181 0.8620 0.8185 0.8530 0.9778 1.1055 1.9185 2.1518 1.2209 2.0470 2.0037 2.0514 2.0804 2.1494 2.1579 2.1454 2.1463 2.1246 2.1195 2.8080 3.3793 3.3721 3.2991 3.2871 3.2010 4.2804 4.2997 4.3720 3.8231 4.4641 4.4969 4.5903 4.5340 4.5244 4.9633 5.4334 4.9657 5.0593 5.1254 5.1598 4.9381 4.5535 4.4654 4.4710 4.3179 3.4341 1.9401 2.4584 2.5853 2.6823 3.3951
0.0000 0.0000 0.0000 0.0000 0.0000 0.0000 0.0000 0.0000 0.0000 0.0000 0.0000 0.0000 0.0000 0.0000 0.0000 0.3036 0.3045 0.3101 0.3039 0.9008 0.8649 0.8274 0.8568 0.9409 1.0603 1.4028 1.6303 2.5136 2.0714 1.9203 1.9866 2.0332 2.0501 2.0908 2.0887 2.1038 2.1068 2.8237 2.8050 3.3455 3.3975 3.4004 3.3055 4.4287 4.4134 4.5818 4.5950 4.0842 4.7135 4.6791 4.6829 4.6824 5.5645 5.0765 5.0338 5.0857 5.1054 6.1178 5.8175 4.5566 4.5819 4.6684 4.5990 4.4180 3.9375 3.4174 2.6187 2.7270 3.3634 3.4035
0.0000 0.0000 0.0000 0.0000 0.0000 0.0000 0.0000 0.0000 0.0000 0.0000 0.0000 0.0000 0.0000 0.0000 0.0000 0.2885 0.2915 0.2896 0.2994 0.2897 0.8941 0.8625 0.4522 1.1116 1.2163 1.3242 3.1327 3.2743 2.8588 2.8730 2.7233 2.8091 2.8540 2.8569 2.0565 2.0657 2.0216 2.7493 3.3142 3.3784 3.3984 3.3714 3.3524 4.5228 4.5639 4.5554 4.6049 4.0519 4.5952 5.1479 5.1248 5.6708 5.1877 5.2483 5.2345 5.2149 5.8088 5.8286 4.7748 4.5582 4.6366 4.6146 3.8530 3.8620 3.9164 4.3025 2.6699 2.4216 2.4884 3.1414
0.0000 0.0000 0.0000 0.0000 0.0000 0.0000 0.0000 0.0000 0.0000 0.0000 0.0000 0.0000 0.0000 0.0000 0.2696 0.2745 0.2806 0.2855 0.2871 0.2937 0.4661 1.0992 1.0858 1.1247 1.1915 1.3154 3.3144 3.2825 2.8640 2.9576 2.8009 2.8218 2.8372 2.8466 2.8152 2.8376 3.5239 2.6822 3.2562 2.5651 2.5818 2.5708 3.7402 3.8065 3.8376 4.4476 4.4841 3.7982 4.3380 4.4702 4.3513 3.7395 3.8313 3.7802 4.0985 3.8890 3.8613 3.8968 2.5447 2.5062 2.5593 1.9496 1.7173 1.5049 1.5069 4.1154 2.5077 3.3432 3.1097 3.8541
0.0000 0.0000 0.0000 0.0000 0.0000 0.0000 0.0000 0.0000 0.0000 0.0000 0.0000 0.0000 0.0000 0.0000 0.2633 0.2694 0.2759 1.0447 0.5201 0.4577 0.4666 0.4677 0.4778 1.1088 1.1916 1.2685 3.3561 3.4295 2.8770 2.9707 3.0625 2.8692 2.0870 2.0913 2.0850 2.6621 2.7537 3.3464 3.9906 3.0992 2.9718 3.0452 3.6314 3.7015 3.7124 3.6836 3.0640 3.1976 3.6850 3.7386 3.2269 3.2760 4.1525 3.9080 3.9237 3.8492 3.8873 3.8814 2.5998 2.5675 1.9073 2.6974 3.2144 2.9657 3.5443 4.0012 3.1835 1.7726 1.6771 2.2614
0.0000 0.0000 0.0000 0.0000 0.0000 0.0000 0.0000 0.0000 0.0000 0.0000 0.0000 0.0000 0.0000 0.2658 0.2684 0.4342 0.4437 0.4538 0.5078 0.4906 0.4557 0.4562 0.4532 1.1141 1.1403 1.1966 2.3870 2.5356 2.1364 2.1488 2.1631 2.8654 2.6530 2.5825 3.2342 2.3584 2.3830 3.6009 3.6326 3.7284 3.7712 2.8771 4.2163 4.1479 4.2510 4.3424 3.6097 2.4060 2.4341 2.4022 2.9476 3.8378 3.5629 3.5878 3.6668 3.6257 4.4744 3.5449 4.1738 3.5560 3.6441 3.6864 2.9610 3.4661 3.7263 3.7706 3.6881 2.5356 2.3201 2.2635
0.0000 0.0000 0.0000 0.0000 0.0000 0.0000 0.0000 0.0000 0.0000 0.0000 0.0000 0.0000 -0.6295 0.4188 0.4076 0.3876 0.3996 0.4136 0.3892 0.4725 0.4672 0.4929 -0.3340 0.3466 0.3520 0.3565 1.3327 2.3813 3.0531 2.6162 2.5782 1.7010 0.6825 0.5316 1.7720 1.8091 1.8297 2.4890 2.5466 2.6504 2.7819 2.8203 4.0801 4.1928 4.3164 3.1106 3.0773 3.0203 2.5632 3.5873 4.4578 4.1751 4.1768 3.7596 3.1217 3.0558 3.1432 3.9308 3.0981 3.0987 3.1883 3.1875 3.8836 3.7625 4.1189 3.8623 2.6444 2.8521 2.8382 1.9810
0.0000 0.0000 0.0000 0.0000 0.0000 0.0000 0.0000 0.0000 0.0000 0.0000 -0.6515 0.0321 0.3293 0.3491 0.3364 0.3343 0.3828 0.3604 -0.4152 -0.4358 -0.3451 -0.3330 -0.3866 0.2675 0.2539 1.8169 1.8694 2.9302 1.0215 0.4669 0.4582 1.0016 1.0622 1.8504 1.6516 1.7039 1.8071 2.4709 2.4795 2.5957 2.1264 3.3709 3.4656 2.6057 2.7577 3.7115 3.8645 3.4222 4.0721 3.9422 3.6392 3.4860 3.5357 3.6069 3.6218 3.7242 3.6857 3.1156 3.4262 3.7847 3.0593 3.7684 3.6599 4.7949 5.0208 4.6921 2.8313 0.5869 1.2437 2.0914
0.0000 0.0000 0.0000 0.0000 0.0000 0.0000 0.0000 0.0000 -0.7015 -0.7252 -0.0115 -0.0065 0.3028 0.3182 0.3144 0.2912 -0.4620 -0.4709 0.5893 0.5741 0.5358 0.6434 1.2814 1.8795 2.9607 2.0705 1.0747 2.8845 2.8960 1.8105 1.6174 1.8010 2.4773 2.4689 2.5288 2.2098 2.1854 1.9015 1.7955 1.9547 1.9821 3.8733 4.0052 4.3101 2.6708 2.7571 3.7911 4.1629 4.0612 4.0166 4.0795 4.7313 4.5582 4.0313 4.2323 4.2076 3.5130 4.4875 4.6881 4.6654 5.4895 5.4607 3.3542 3.0609 3.4355 2.4836 1.4304 1.4662 1.2600 1.4040
0.0000 0.0000 0.0000 0.0000 0.0000 0.0000 -0.7546 -0.7802 -0.0481 -0.0661 -0.0434 0.2628 0.2706 -0.4680 -0.4928 0.4626 0.4754 0.4498 0.4620 0.4396 0.4887 1.0974 1.8373 2.0727 1.7685 1.7413 1.7450 2.3662 3.4757 2.7093 2.7553 2.4209 1.8406 1.8756 1.7300 2.0143 2.6262 2.6185 2.8316 3.3734 1.6595 1.7105 3.2965 4.1511 2.4919 3.1954 3.4779 4.2372 4.5437 5.4051 5.5808 6.4705 6.9082 5.5842 5.8171 4.6776 4.3389 4.4075 4.4829 4.5175 4.1696 4.0643 3.2836 3.3488 2.7897 2.5649 1.5976 1.6110 1.7193 1.8834
0.0000 0.0000 0.0000 0.0000 -0.8250 -0.8130 -0.8195 -0.0907 -0.0902 -0.0687 -0.0672 -0.5219 -0.5223 0.4148 0.3882 0.4083 0.3945 0.4219 0.3742 0.9451 0.3266 1.0338 1.9814 1.9473 1.8188 2.2335 1.0354 1.4856 1.3044 0.6895 0.6364 2.7630 2.7246 2.5406 1.3416 1.3349 2.3621 2.1660 2.1696 3.5848 2.7301 2.8670 3.4385 4.2675 4.7871 4.8755 5.2441 5.8661 5.9459 6.2649 5.5945 5.8386 6.0652 6.2425 5.0526 5.0446 4.4141 4.2999 5.1793 4.2623 3.8875 3.8780 3.6726 3.5053 2.7472 2.8078 1.8769 1.7574 1.9334 2.2374
0.0000 0.0000 -0.8636 -0.8654 -0.8614 -0.8630 -0.1021 -0.1125 -0.8438 -0.8771 -0.5642 -0.5605 1.1707 1.1841 1.2102 1.2532 1.2806 1.1201 1.1209 1.0998 1.8487 2.4444 2.4491 2.6154 1.8754 1.2674 1.7243 1.8349 2.0578 0.6903 1.7354 1.0377 1.0540 0.7117 0.9008 1.6659 1.7985 2.1402 2.3635 3.9446 3.7967 3.9471 5.7863 4.9068 4.7924 5.0927 5.7518 6.0114 5.3094 5.2943 5.8924 5.0567 4.6002 4.6601 3.9689 3.9632 4.3607 4.1811 4.3786 3.8964 3.9817 3.9383 3.5310 2.9625 3.1095 2.2836 2.3189 2.0781 -0.3599 -0.3285
-0.9039 -0.8981 -0.9104 -0.9013 -0.8800 -0.1076 -0.9125 -0.8737 0.2589 1.0595 0.6357 1.5372 1.6084 1.5660 1.5521 0.6133 0.6222 1.9833 1.9841 -0.2724 3.0174 1.8181 1.8294 2.0179 2.6561 1.9229 2.8782 2.9240 2.7797 2.2475 3.1129 3.2145 2.3069 -0.2469 1.3105 2.6637 2.1443 3.4628 3.9812 4.5435 5.0732 5.1221 5.6790 6.1679 5.1571 5.1357 5.1974 4.3798 5.0018 4.8593 5.0958 5.4735 5.5665 4.6608 4.7026 3.6934 3.4531 3.7644 3.1937 3.2889 3.2551 2.2689 2.4443 0.9165 0.9646 -0.0760 -0.9448 -0.8739 -0.5507 -0.9210
-0.9137 -0.1938 -0.1733 -0.1697 1.0211 0.9726 0.9413 1.7150 1.6815 1.2458 1.3106 1.5544 1.5602 0.9784 2.2095 2.2191 2.8280 2.2567 3.0035 3.3334 1.7964 1.1923 1.2022 2.0835 3.1872 2.7267 2.8456 2.6241 3.1083 3.6724 4.2117 4.2175 2.2485 3.6811 4.2207 4.1232 4.3777 3.1886 3.6941 4.6734 4.6887 4.9601 6.0571 4.7574 4.8016 3.6698 4.6312 4.9802 4.9792 5.2845 5.3319 5.6752 4.8093 4.5282 4.2607 3.4694 2.1003 2.8428 2.4605 0.9324 2.1174 2.0645 1.6169 1.7756 0.8837 -0.0355 -0.0782 -0.7603 -0.6729 -0.3035
0.7975 2.1574 2.4767 2.3483 2.3039 2.9906 2.9380 3.4661 2.2295 1.7724 2.1701 2.2812 2.2917 2.2405 2.2281 4.1164 2.9608 3.1018 2.6764 1.3806 1.4457 2.2189 3.1825 3.1388 3.2935 4.0328 4.6311 4.6010 4.1761 4.3180 5.1937 4.6671 4.1962 4.8759 4.9919 5.0693 5.0073 5.4776 4.1665 4.4139 4.7105 4.4088 5.4299 6.4771 6.4059 6.6639 5.0052 5.0861 5.3649 5.5681 5.6906 5.0542 4.0858 3.2064 3.2294 1.9929 0.2634 0.1084 2.7540 1.7993 2.3623 2.5144 1.7253 0.7759 -0.0304 0.0113 -0.5792 -0.6196 -0.3469 -0.3461
2.2120 3.5319 3.9521 2.8332 3.5566 3.4284 2.4409 2.4059 1.3590 1.2854 2.1918 1.0661 1.1945 2.4868 1.7992 1.4985 1.9579 3.4340 2.1599 3.1946 3.1272 4.1578 4.5556 4.5554 4.5127 4.5687 4.8444 5.4057 6.3254 5.7635 6.6726 5.6572 5.3986 5.5583 5.6907 6.6855 6.6907 6.3986 5.4314 3.6657 4.5522 5.6255 5.6018 5.8734 6.9343 5.9759 5.9351 4.4358 3.9755 3.9022 4.0629 2.4687 2.5763 2.5324 0.9516 1.6240 1.3626 1.3365 1.9691 1.1256 1.7873 1.9751 1.5313 0.6347 0.6318 0.2204 0.1736 0.1729 -0.1006 -0.2321
4.1512 2.8289 2.7265 3.4293 3.2724 3.3021 3.2482 2.6221 1.2435 2.1519 2.8760 3.6631 3.8599 1.7615 1.9907 2.3534 3.3335 3.8603 3.8541 3.9121 4.6048 4.4909 5.2590 5.2732 5.3201 6.2077 6.2733 6.8093 6.4357 7.2264 6.3259 6.4051 6.1483 6.2265 6.4279 6.0820 5.9047 5.9708 7.4090 6.3193 6.0907 5.0183 6.2141 5.6606 5.9572 6.0869 5.5932 4.5964 3.8112 2.7913 1.7686 1.2579 1.1595 1.9366 2.1148 1.5396 1.5334 1.6654 2.6976 1.8437 1.8155 1.3447 0.4732 0.4433 0.4199 0.4034 0.1166 -0.0521 -0.1568 -0.5468
1.3263 1.3431 3.4414 3.2888 3.3238 2.6370 3.3419 2.7824 2.7676 2.7340 3.6383 3.1456 2.2744 3.2641 5.0816 4.1649 5.2699 3.8438 3.9195 4.1449 4.9196 4.7146 7.0084 7.3554 7.3013 6.1931 5.8142 6.8227 8.9841 8.0049 7.8230 6.5655 6.0239 5.9646 5.7454 6.8942 7.1075 7.2037 7.2504 5.3264 5.4150 5.7771 5.3343 6.4905 6.7098 6.7903 4.9435 2.6766 2.8039 0.8569 1.5427 1.7544 2.6905 2.4946 1.5590 1.3705 0.9171 1.1965 1.8776 1.5342 1.6441 1.4510 0.2389 0.1735 0.1371 0.1485 -0.1246 -0.4034 -0.5206 -0.4663
2.1163 1.9087 1.8480 2.5108 1.7847 3.3628 3.3841 2.7693 2.0639 3.7050 2.2039 3.6863 4.5890 4.9238 7.8639 6.3347 4.6907 4.5184 3.6258 4.6236 7.2362 7.6749 7.7142 6.8927 6.8909 6.9203 7.9396 8.1665 7.3989 7.2828 7.3531 7.7521 6.1709 7.0420 6.8377 7.1406 6.9987 6.3311 7.0620 5.9763 5.7242 4.8255 4.6817 4.2587 5.0031 4.1394 4.0625 1.4679 1.4045 2.1069 2.3676 2.2060 2.0399 1.7794 1.5090 1.2250 2.0321 2.1018 1.1482 1.5171 1.4327 0.6186 -0.2610 -0.3275 -0.5065 -0.4867 -0.6047 -0.4157 -0.4868 -0.6664
2.8690 1.5647 2.2799 1.5483 1.5859 2.2792 2.4157 2.2245 2.9043 3.3712 4.5438 3.9611 6.3339 8.0532 7.8224 6.3614 4.9273 4.4140 6.6330 7.9624 8.4663 7.8378 7.3871 6.3264 6.2316 7.7227 8.9823 7.5826 7.8516 8.1051 7.6236 7.6936 7.6809 7.5405 6.9623 7.0210 6.4167 6.8062 4.7022 3.6809 3.7440 3.5979 4.8646 4.7940 2.2157 3.0963 2.0536 0.9839 -0.6162 -1.0416 -0.5604 -1.1454 1.3294 1.3716 1.4680 2.4081 1.5545 1.5119 1.1831 1.3014 0.4440 0.3393 0.2193 -0.5430 -0.5033 -0.7758 -0.8174 -0.7307 -0.5315 -0.8828
2.7336 1.7377 0.8643 1.1852 1.2633 2.2636 1.7152 2.6820 3.4987 3.8471 5.0922 5.3910 7.7679 7.6881 7.7100 5.3942 6.9753 7.8606 8.7618 8.8532 7.4389 7.5400 7.7350 6.6364 7.3613 9.6234 8.2602 8.1569 7.9092 7.8714 7.8274 7.7315 7.4771 7.1245 6.5261 6.5890 4.4708 4.0251 2.6419 2.7493 1.3586 2.4338 2.6301 1.5658 1.4234 1.1063 0.8203 0.2044 -0.1751 -1.6514 -2.8212 -2.9565 -2.9018 -2.2989 0.1844 0.3465 0.7867 1.0794 0.8877 1.0622 0.3718 0.0703 -0.0798 -0.1008 -0.8116 0.1283 0.0982 0.3024 -0.0772 -0.5055
3.4563 0.7104 0.7399 0.7530 1.4488 2.3598 2.7085 2.2661 3.2691 4.9828 5.4872 7.9044 7.8784 7.7071 8.4075 7.4807 9.3521 8.6173 8.4287 7.8492 8.2814 8.2369 9.0135 7.6884 9.0409 9.1360 8.7870 9.0889 8.8898 8.9280 9.0683 8.5797 8.6847 7.8709 6.6872 4.5742 4.4457 3.1353 1.3022 1.4794 1.2595 1.1209 0.9684 0.8911 1.1352 1.2201 0.0094 -0.4880 -0.0922 -1.0539 -2.4309 -2.3964 -2.1433 -3.0084 -2.5079 -0.2451 -0.3312 -0.1621 -0.2018 -0.8791 0.1194 0.9417 0.6663 0.4828 0.0965 -0.0082 0.3351 0.0682 0.0626 -1.4737
2.5099 0.9358 1.8474 1.9211 2.0241 1.7974 2.8053 2.7675 4.6854 6.0332 8.1735 9.1653 11.0445 11.0362 7.9554 8.5231 8.3437 7.9555 8.3621 9.5765 8.5302 8.4419 8.4229 9.6330 10.7173 9.6459 10.8317 10.4188 9.6072 9.3949 9.0628 6.6847 6.8544 4.4662 4.8652 3.8227 3.8643 2.5387 2.4862 0.7056 0.7163 0.8682 0.7909 0.4087 0.3970 -0.3060 -1.6045 0.1637 -0.3847 -1.5794 -3.2277 -3.0228 -1.5231 -1.7796 0.5459 0.0904 0.7192 0.6993 0.3058 1.4243 1.3000 0.9321 1.8782 1.6587 0.2641 -0.5510 -0.4176 -1.8449 -1.7486 -0.4126
4.1011 3.8137 1.7987 1.9996 2.0883 1.3367 2.4335 4.5423 7.3424 8.6615 7.9727 10.1000 9.3879 8.5797 9.6485 8.9562 8.4419 8.7165 8.6609 8.7196 8.8778 8.8873 7.3560 11.2340 12.4947 12.4383 10.9077 9.9274 9.3933 6.9708 6.0229 5.8135 3.1177 3.3159 3.1671 3.6843 2.1717 1.5178 1.5569 1.4465 1.6756 0.7766 -0.8565 -0.7573 -0.8061 0.1671 1.7783 1.0121 1.4550 1.3854 -0.1796 -1.9932 -1.5138 -1.1349 0.6502 0.3580 -1.0361 0.8367 1.1194 1.1789 1.0140 0.8513 0.6537 2.4058 1.8033 0.0429 -0.3504 0.1636 1.1410 1.3901
4.6667 3.4011 3.6023 3.4436 4.5065 5.0630 6.7239 7.1192 8.0649 6.8933 10.3810 9.2057 8.5545 8.8214 10.0899 9.2058 9.3951 8.0457 7.7205 7.4814 7.6149 7.5068 7.8693 10.1066 10.2740 9.6782 9.7328 6.0046 5.8169 3.5932 3.5672 2.0177 1.6511 1.8081 2.2086 1.6070 0.2751 -0.0541 0.2520 -0.5315 -0.3898 -0.3032 -0.6351 0.4114 0.6066 1.3871 -0.4498 -0.8063 -1.6395 -1.8189 -2.2860 -2.5575 -2.4532 -0.6589 -0.8910 -1.1491 -0.2433 -1.0433 1.4210 1.2544 2.0968 2.3716 1.6931 0.3832 0.9178 1.1682 1.1751 3.2743 3.4517 3.3603
5.2623 5.1017 4.4414 7.4836 7.4543 7.2553 6.9457 7.3951 7.2877 9.4416 8.2218 7.9832 7.6025 9.0890 9.4791 8.1436 8.1654 8.1927 7.8201 7.2478 7.6964 6.8584 9.1987 9.0330 9.0313 8.6644 6.1709 3.8412 3.3335 2.8123 1.4098 1.7761 1.7010 1.6303 1.5048 -0.1566 -0.0812 0.0544 -0.7413 0.0533 0.6636 -0.0693 1.9114 0.6394 -1.2628 -1.4298 -1.6378 -1.8708 -1.0378 -1.1858 -1.4651 -2.4891 -2.5839 -0.8050 0.6076 0.3325 0.0613 1.9305 4.4674 4.7973 4.0293 3.8665 2.3218 2.2219 3.1856 3.3168 4.4994 4.6283 3.7430 3.5063
5.7260 7.3855 7.6322 6.9057 8.4862 8.2313 7.2554 5.5917 6.9285 7.1610 5.9338 5.2803 7.5254 9.2912 9.9987 10.2115 9.8409 6.8803 6.8142 7.1577 8.1099 8.0460 9.0719 8.1492 5.9222 5.8836 4.4710 4.0455 0.9725 1.3801 1.3665 1.0754 1.1428 0.9989 1.1908 -0.5540 0.9776 0.8557 1.1583 1.5387 1.2563 1.1220 0.8232 0.6666 -1.4141 -1.7270 -1.6740 0.0400 0.4935 -0.3622 -0.5010 -1.3565 -0.2052 0.0439 -0.1744 0.0084 0.1313 0.5340 2.3337 4.2909 4.2151 3.6639 3.7317 3.5563 3.6130 6.0195 6.0987 5.0933 3.9647 5.1710
8.2884 7.1575 7.2492 7.6859 7.2749 5.9246 4.5016 5.9044 5.6034 5.4095 6.3042 6.8765 7.0680 7.1303 9.4807 8.8415 8.4598 8.2674 7.9944 7.4737 7.4287 8.3724 6.7162 6.6344 5.5210 4.2832 4.3613 2.4743 1.3679 1.4280 0.9617 0.8677 1.2520 1.2342 1.3988 1.5635 0.8729 1.4918 1.5220 0.4262 0.7380 0.5327 -0.5525 -0.4246 -0.1240 -1.6986 -1.2317 -0.5109 0.5399 0.2897 -1.1068 0.3932 -0.5539 -0.1643 -0.2097 0.2039 1.0109 1.2604 1.1398 1.7833 4.0414 3.6557 3.7983 2.2543 5.0296 6.5611 6.6261 7.5946 8.0611 5.0816
8.5889 6.4498 7.3787 6.0899 4.8812 4.7535 4.9496 5.1195 5.4507 6.4667 6.7229 6.5889 6.7899 6.9189 6.8183 9.0752 8.1735 7.8942 7.6915 7.0658 5.4232 6.9741 6.6197 4.9015 4.4670 3.8250 2.3730 2.7434 1.1484 1.2151 1.3751 2.1950 2.1547 1.8862 1.7620 2.0574 1.0580 0.7477 0.5929 -1.7185 0.1803 -0.3477 -0.6183 0.1025 -0.4221 -0.3263 -0.6370 -0.8133 -0.9365 1.9026 0.7356 0.0048 -0.1114 -1.0509 -0.1491 0.6895 -0.2095 -0.5893 -0.3852 0.9254 0.9470 2.3140 3.9349 5.0541 4.9842 7.1031 8.1190 7.8619 7.8878 8.0534
4.9844 6.0541 5.0198 5.3266 5.0273 7.7496 3.9755 5.0338 6.7559 6.3902 6.5146 5.5072 4.2352 3.8854 3.6002 3.3787 5.6136 6.3764 6.0512 6.5622 5.9053 6.3572 5.7889 4.4800 4.2977 2.4056 2.4856 1.2527 2.1927 1.9515 1.8880 2.5007 2.0656 1.4762 1.6485 0.7268 0.2589 -1.8158 -1.7499 -0.8393 -0.8814 -0.9261 -0.3007 -0.1336 -0.5033 -0.4977 -0.7405 -0.6058 0.7248 -1.9576 -0.7029 0.0221 -0.4206 0.5252 0.8042 -1.4714 -1.4455 -1.3077 -0.5321 1.4090 2.1766 2.9427 5.5344 6.6094 6.8253 7.1473 8.0375 7.9310 9.3356 9.6145
