风场图/TPWAgeDiffAve0020-8099_-180-180.txt
ncols           720
nrows           360
xllcorner      -180
yllcorner       -90
cellsize        0.5
NODATA_value  -9999
[rows 93 to 123 of 360, columns 140 to 209 of 720]
0.0000 0.0000 0.0000 0.0000 0.0000 0.0000 0.0000 0.0000 0.0000 0.0000 0.0000 0.0000 0.0000 0.0000 -1.5755 -1.6044 -1.6089 -1.6197 -1.6773 -1.6878 -1.7043 -1.7289 -1.7707 -1.8321 -1.8449 -0.7866 -0.7816 -0.7915 -0.7998 -0.7817 -2.2397 -4.3463 -2.9980 -3.0003 -1.2338 -0.0101 2.0750 2.3395 2.4244 4.6484 4.6918 4.8323 5.0216 4.1970 4.7467 6.5934 4.1070 5.2866 6.0872 6.1217 4.8577 6.1383 6.3686 7.2161 7.3925 6.0921 5.2102 4.8237 4.9580 4.3605 5.9230 7.7025 7.5211 7.0711 6.7914 7.2282 10.5037 11.5075 9.3378 7.9574
0.0000 0.0000 0.0000 0.0000 0.0000 0.0000 0.0000 0.0000 0.0000 0.0000 0.0000 0.0000 0.0000 -1.4790 -1.4772 -1.4788 -1.5136 -1.5545 -1.5916 -1.6315 -1.6532 -1.6921 -1.7382 -1.8060 -1.8485 -0.5794 -0.5969 -0.6253 0.6862 -2.8518 -2.9535 -2.2321 -1.5679 -1.4306 1.4635 1.5481 0.3929 2.6790 2.6326 2.6637 0.8959 0.8555 3.1647 3.7593 5.7368 5.7527 6.2113 7.0799 6.8856 7.2332 6.0663 7.2005 7.4139 6.3729 6.6795 4.2125 3.9163 1.9466 1.9378 2.5575 4.5089 6.2092 4.6393 4.4012 7.1386 7.7290 9.4198 9.3868 7.1320 8.1378
0.0000 0.0000 0.0000 0.0000 0.0000 0.0000 0.0000 0.0000 0.0000 0.0000 0.0000 0.0000 0.0000 -1.4415 -1.4712 -1.4275 -1.4851 -1.5345 -1.5680 -1.5901 -1.6211 -1.6587 -1.7142 -1.7778 -0.5285 0.7546 0.7645 -1.4269 -2.7902 -2.8705 -2.0847 -1.4012 -1.2633 1.6810 1.9363 1.8662 3.9201 4.3962 2.8072 2.7791 0.9711 2.2894 2.9283 6.2090 6.3677 7.9299 6.9409 6.8613 6.9273 6.9196 5.5723 5.5780 6.1448 5.4533 5.5165 2.5808 2.2795 1.7774 1.4901 4.0538 5.3565 4.6007 4.3267 5.7107 4.5682 5.9850 6.0345 4.6177 8.9357 6.8218
0.0000 0.0000 0.0000 0.0000 0.0000 0.0000 0.0000 0.0000 0.0000 0.0000 0.0000 0.0000 -1.3686 -1.3948 -1.3983 -1.4337 -1.4778 -1.5294 -1.5394 -1.5785 -1.6400 -1.6909 -1.7711 -1.8379 2.1321 2.0520 -1.2621 -1.4506 0.5776 1.4965 1.6807 0.9763 2.3991 2.2066 2.2726 0.8693 0.3141 1.9708 4.3460 4.4849 2.4557 4.0697 4.4417 6.6307 4.9978 8.1004 6.7899 6.8514 6.8418 5.9306 6.0968 4.6838 5.2409 3.5566 2.6571 2.1582 1.9725 2.6955 2.0630 4.8832 4.4863 5.6019 5.4337 4.4627 5.3516 5.3226 5.1321 4.6281 3.6706 2.3074
0.0000 0.0000 0.0000 0.0000 0.0000 0.0000 0.0000 0.0000 0.0000 0.0000 0.0000 -1.2528 -1.2828 -1.3347 -1.3674 -1.4101 -1.4632 -1.5037 -1.5940 -1.6480 -1.6817 -1.7638 0.6911 0.7040 -1.1640 -1.2911 0.6220 0.5402 1.5659 1.7250 1.8588 1.9722 2.2303 6.5893 4.9880 5.3565 4.0226 4.2719 6.4808 5.8730 6.1267 4.6430 5.0608 6.2962 5.0109 9.1140 5.3655 5.4506 5.9264 6.1638 5.1853 5.4971 3.4277 3.0419 2.0647 1.8579 2.5237 1.9507 3.4892 4.5281 5.8499 4.9939 3.7852 5.1556 3.8467 4.2864 1.8916 2.0664 2.1276 2.0972
0.0000 0.0000 0.0000 0.0000 0.0000 0.0000 0.0000 0.0000 0.0000 0.0000 -1.1759 -1.2412 -1.3093 -1.3454 -1.3542 -1.4218 -1.4388 -1.5085 -1.5524 -1.6223 -0.6003 0.5666 -0.4317 -2.5096 0.5101 0.5148 0.4910 1.4509 1.6912 -0.0885 1.6614 5.2164 4.9765 5.2639 5.5287 5.8734 6.0385 4.6018 7.4174 7.2372 6.5945 7.1261 6.0696 6.2879 5.8392 7.1956 6.5311 4.8933 4.8159 5.1761 5.5218 2.1823 3.2978 3.1914 2.9679 2.2103 2.3383 3.0490 2.1920 3.0029 1.2874 -0.4946 -0.2068 0.7652 1.9810 1.1987 2.0618 1.7023 3.6812 4.5879
0.0000 0.0000 0.0000 0.0000 0.0000 0.0000 0.0000 0.0000 0.0000 0.0000 -1.2507 -1.2545 -1.3297 -1.3463 -1.3343 -1.3994 -1.4674 -1.4999 0.1175 1.4626 0.3674 1.4948 1.3420 1.0641 2.3524 2.3529 3.3950 3.7684 3.5820 5.5170 5.4730 3.7933 5.6107 6.0179 7.4033 7.6399 8.2664 8.5356 9.1122 9.3616 10.0121 9.0075 9.0310 5.2015 6.1905 5.2960 4.9553 7.1414 5.5248 5.5808 4.1745 2.3640 3.4479 4.2913 2.4538 0.2642 1.4106 1.5680 0.7170 -1.3672 1.2127 -0.3537 -0.1611 -0.6527 -2.7589 -0.7702 1.7596 4.9058 3.6320 2.8142
0.0000 0.0000 0.0000 0.0000 0.0000 0.0000 0.0000 0.0000 0.0000 0.0000 -1.1844 -1.2466 -1.2538 -1.3399 -1.3704 -0.0168 0.0798 0.1185 0.5949 0.5474 1.6157 1.3711 1.2647 2.3295 3.3165 4.9199 3.3388 3.5816 5.7060 8.5142 8.5515 9.0010 7.9578 8.1113 8.4081 8.9404 9.1445 9.3607 11.7075 10.6320 10.5764 10.4075 9.4817 8.9315 6.8217 5.7822 4.3750 4.8306 6.7499 4.2276 1.2949 1.0507 1.8097 0.6689 -0.1820 1.4264 -1.0003 -1.6874 0.7794 2.0007 0.5348 -0.4409 -3.0722 -2.6044 -1.6621 -0.3257 0.9385 1.1062 -0.1992 2.4866
-0.8288 -0.8484 -0.8817 -0.8770 -0.8181 -0.7532 -0.6449 -0.6380 0.0000 -0.8516 -1.0617 -1.1495 -1.2538 -0.1207 -0.0632 -0.0084 -0.6134 0.5455 0.5172 0.5653 1.5956 -0.3596 1.4184 4.9313 5.1627 3.4050 3.5926 7.7317 12.1743 13.0165 10.0854 9.9661 8.9688 9.0700 7.4303 7.5148 7.8654 10.2456 10.4917 13.2455 11.3272 10.7932 12.3512 10.2643 5.5570 6.6218 6.8121 5.4464 4.6603 6.4582 2.7915 3.1510 1.4036 -0.1179 -0.7442 -1.9899 -1.2929 2.6366 0.9338 0.8549 -2.7791 -2.7522 -2.3399 -1.5583 -0.4288 0.9173 0.9316 -0.7013 -0.8461 1.3443
-0.9462 -0.9277 -0.9249 -0.9152 -0.8539 -0.7460 -0.6928 -0.7045 -0.8000 -1.8021 -1.0618 -0.2183 -0.1744 -0.1457 -0.0814 -0.6219 0.4809 0.5172 -1.2653 -0.2963 1.2791 1.0204 1.8580 3.1430 2.5526 2.6488 7.5274 12.2068 10.9483 10.9049 10.8441 10.9545 11.1698 11.5331 12.1340 8.3530 8.4888 10.6978 11.5232 11.7246 9.6291 8.8667 11.7769 11.2300 7.1755 7.4545 7.4548 3.3297 2.7148 2.3286 0.2953 -0.3658 -0.6800 1.5560 0.2366 -2.3463 -0.5177 0.6663 1.1652 -2.5302 -1.9565 -2.5981 -2.3451 -0.7560 0.7051 -0.9112 -0.9504 -0.8476 1.2350 0.6250
-1.8845 -0.9229 -0.8896 -0.8491 -0.7817 -0.7162 -0.7298 -0.8171 -0.8645 -1.8885 -1.3415 -1.5346 -0.2316 -0.1809 -0.7029 0.4492 -1.1848 -1.2188 -1.2890 1.0557 -0.6475 1.7795 1.8467 2.2502 2.6496 5.4266 8.6258 8.4246 9.6818 9.8529 10.5447 10.4788 11.0111 11.5789 12.8950 12.8114 12.9175 11.9261 11.9960 10.9106 12.5648 11.2571 9.2593 8.7054 5.7767 6.0569 6.0061 4.1595 2.2593 2.7059 0.7424 -0.2346 1.1147 -1.3575 -2.1275 1.3113 -0.0889 -0.3291 0.0038 -3.2771 -2.2826 -2.2861 -2.1443 -2.7196 -0.9017 -0.5120 -0.5433 1.8737 1.4379 0.3094
-1.9519 -1.1577 -1.4855 -1.2646 -1.1148 -1.1206 -1.1904 -1.4817 -0.9408 -0.9672 -1.2203 -1.3643 -1.6142 -0.7365 -1.0999 -1.2355 -1.2944 -1.3599 -1.3327 -0.6678 -2.5469 0.8396 -0.9287 0.3279 2.8754 9.1411 7.6791 9.9040 9.7277 9.9410 12.8264 12.8363 12.9009 12.9666 13.1060 15.4695 13.3045 13.4603 11.4575 12.0819 11.6608 9.7002 9.5932 7.2615 6.4395 5.8989 8.3708 6.8924 4.6301 4.6404 0.9836 1.2696 1.7492 -0.0269 1.7610 3.0086 1.6119 0.3565 -2.8578 -3.5583 -4.9887 -2.2730 -2.5283 -2.1696 0.1191 0.1925 -0.3085 2.1435 1.1530 0.0894
-2.2396 -2.3566 -0.0583 -0.0734 -0.1249 -0.5274 -0.5160 -0.6080 0.1383 -0.6785 -0.0369 -1.2727 -1.8409 -3.2798 -1.1005 -1.2386 -1.0119 0.1769 0.0468 -0.9327 1.4604 -1.6912 -2.0022 -0.1569 5.4436 3.5618 4.0652 7.4698 11.9159 12.0224 12.3823 12.2228 12.1414 12.9524 14.9634 13.4515 13.9287 13.5743 12.9660 12.8702 12.5315 9.3691 12.7190 11.2870 6.9442 8.5757 8.9165 7.3391 6.2189 5.2769 5.4184 4.5195 3.4330 1.3128 1.4822 0.1278 0.7579 0.3112 -3.1382 -4.2860 -2.7239 -1.7358 -1.8586 -1.4404 -0.8138 -0.5788 -0.3681 1.5942 0.5818 0.4289
-0.9675 -1.0669 -0.1213 -0.1986 -0.2298 -0.2182 -0.6844 0.1409 0.1590 -0.6530 -0.7651 -0.4562 -1.5440 -2.3258 -2.2927 -1.0262 0.0764 -0.0457 -1.4796 -1.5000 -1.8799 -1.7011 -1.0037 5.7582 5.8112 4.1874 4.5883 9.7936 10.2123 7.7340 7.8758 9.3257 9.5416 10.2922 10.5476 10.4556 13.4329 11.4342 9.9010 13.7526 13.1462 13.8758 14.3472 12.7523 9.0729 8.2317 11.5485 7.9048 6.5178 6.6270 2.5500 4.2962 5.4342 3.5832 2.2953 0.7999 0.7037 0.6319 -4.3852 -3.0733 -3.1128 -1.9010 -1.7149 -1.4153 -0.5111 -0.8776 -0.9193 1.5291 -0.2759 -0.5492
-0.8944 -0.9152 -0.0337 -0.1632 -0.1385 -0.1609 0.7612 0.1888 0.1866 -0.6527 -0.7829 -1.3557 -0.7676 -2.1011 -2.4228 0.1583 0.0467 -1.3992 -0.4070 -1.6138 -1.7730 -0.9932 2.1240 6.0467 4.6297 4.7157 7.7583 7.7017 7.9794 7.0641 6.7954 6.5345 7.9542 9.6646 10.0270 11.9545 8.5909 8.6712 9.6506 9.7206 11.4593 11.8032 11.5705 7.8255 8.3912 9.6069 10.1984 8.8485 10.6241 6.4238 7.6550 5.5967 5.1904 2.5447 3.6527 3.0511 0.7153 -4.7408 -5.1420 -3.5918 -2.5338 -2.3975 -2.0935 -1.0731 -0.0962 -1.4540 -1.7180 0.1839 0.2763 0.8309
-0.8918 -0.3201 0.6307 0.6606 0.6721 -0.0179 0.9139 1.0265 0.2209 -0.6125 -1.2500 -0.4584 -1.8993 -2.1743 -1.0928 -1.4646 -1.3655 -0.4957 -0.8426 -3.2015 -1.5664 -0.8813 3.7687 6.1924 6.7517 6.1774 7.7327 7.6723 6.9160 6.8767 6.3134 4.4490 4.5738 11.0938 11.7490 7.9407 7.9402 7.5601 7.2969 7.9549 8.8485 9.3142 9.1889 6.4270 6.0529 6.7602 7.6315 8.9344 8.5406 10.3996 7.6983 5.5633 3.7008 3.0358 3.4730 2.7408 -0.5907 -4.5234 -3.1701 -3.5665 -2.6333 -2.5329 -3.1412 -2.1332 -1.2849 -1.4706 -1.2445 1.5192 1.1282 0.9157
-0.3202 -0.2533 0.7412 0.7703 0.8320 2.0045 2.1698 2.2331 2.3127 -0.0611 -1.2537 -0.6323 -1.9697 -2.2003 -1.1740 -2.5315 -1.5578 -0.6459 -2.0259 -4.1975 -2.0758 0.7305 4.1150 4.9137 4.5204 7.4835 7.4439 6.9976 6.8319 6.7820 5.3389 4.9453 4.8324 11.2952 11.9019 6.5162 5.0114 4.6777 3.9440 3.7636 4.2718 8.8961 9.3256 7.3731 5.0245 9.0144 9.0247 13.2711 10.0709 10.1135 7.7814 3.7792 3.3529 3.9094 2.5368 1.4670 -0.1174 -2.1066 -3.1191 -1.7757 -2.7963 -3.4790 -3.2790 -2.8740 -2.3560 -1.1945 -0.6325 -0.4380 1.4150 1.5869
0.1145 -0.9351 0.0142 0.0657 0.1541 2.2309 2.4085 2.4134 2.0240 2.2608 0.9964 -0.5778 -0.7325 -2.1965 -2.3593 -3.6126 -1.3512 -1.7532 -3.8443 -4.2111 -1.9845 2.4815 4.1205 2.5231 4.1254 1.2210 0.7825 2.8102 2.2555 0.9615 2.0957 5.2648 8.7580 7.0292 3.6707 5.3606 5.1406 4.6841 4.1996 3.9165 5.8256 5.9130 6.5432 3.8998 6.5970 7.0707 9.8197 12.5810 10.1166 10.4776 5.6117 5.1550 3.9939 2.3099 3.0955 -0.3786 0.1856 -2.7266 -0.7294 -2.2127 -2.4320 -2.2497 -2.8092 -2.3725 -1.4829 0.2310 -0.4028 0.2424 -0.1691 1.9824
1.9193 1.1449 0.0386 0.1288 0.1258 1.2986 1.5015 2.0846 2.1686 2.3251 0.7779 -0.6506 -0.7668 -0.9045 -2.6175 -2.8339 -1.5853 -1.8011 -3.7644 -4.7761 2.4448 2.6609 -1.9264 -1.3817 1.1858 0.4184 0.8541 3.0539 4.2419 4.7098 5.1479 7.3083 6.6613 5.8134 4.0008 5.2241 4.8035 4.2157 3.6694 5.9694 5.9489 5.8343 7.9186 6.1277 5.9517 6.0945 8.8512 8.9107 10.6869 8.0490 6.5498 3.8780 4.6284 3.6172 3.3280 1.0685 0.3918 0.1077 -0.0326 -0.4426 -1.7863 -2.0534 -2.6500 -2.1044 -0.7480 -0.5699 0.4735 0.9424 0.8778 0.5760
0.9062 2.8776 2.9646 1.0974 1.1736 1.4375 1.6701 1.1706 2.2945 3.4160 0.8308 -1.6084 -4.5475 -2.1764 -2.9481 -3.2962 -1.8732 -1.7149 -3.3977 -2.6602 2.9501 -3.5424 -3.7228 -3.9164 2.3735 2.8222 2.7892 3.0731 2.9258 5.5843 4.6988 7.5131 5.7501 1.7968 2.0203 7.5682 4.4122 3.6989 6.1061 6.5247 5.8268 6.0498 7.3280 8.2217 6.9305 8.3818 9.0756 9.3563 6.8639 2.5397 3.1487 3.8994 3.9801 3.0985 1.9944 2.2300 1.5368 1.5299 -0.5700 -0.4609 -1.6063 -1.3184 -0.8064 -0.1721 0.4207 0.2897 1.3749 1.4043 1.0276 0.5125
2.1729 2.2102 3.4087 3.2348 1.3465 1.6184 1.1202 -0.2049 -1.0414 1.0678 -0.2692 -4.7394 -4.7607 -3.9251 -4.7562 -2.0806 -2.0179 -2.1672 -0.4716 0.3248 -1.5427 -0.1259 -2.2695 0.7123 2.6862 3.6028 2.9243 3.3683 3.4015 3.2499 5.2458 5.7883 6.2921 1.8830 2.0004 2.3422 7.3951 6.7909 6.9666 6.3205 6.5398 5.9620 8.6758 7.9745 10.1711 9.2044 10.9381 8.5964 4.3615 3.0782 2.7172 3.5165 3.4804 2.9412 2.1733 2.3045 3.3781 1.6750 0.5616 0.7531 -0.8860 -0.3847 0.3455 0.7076 0.8158 1.0096 0.6756 1.4013 0.9883 0.3113
3.8370 3.6078 2.5832 3.3772 3.5890 0.4076 -2.8437 -2.2695 -1.9816 -2.0367 -2.7595 -5.9359 -6.0608 -4.0192 -4.6278 -3.0968 -1.6953 -0.3162 0.6123 0.4946 -1.9527 -0.3405 0.2792 0.2921 2.9966 5.0597 3.3218 3.0661 3.4666 3.3898 3.6766 6.1800 4.0153 1.6984 1.6471 2.5748 4.5415 6.9859 6.6831 7.2850 6.9414 5.2297 7.9609 9.6764 11.3447 8.8151 7.4070 3.0182 3.2477 1.5026 2.3415 3.5566 3.9342 3.8820 3.7153 1.1644 0.8804 1.1717 -1.8936 -0.9774 -1.1354 -0.2878 0.5558 1.2660 0.9326 0.7814 0.5577 0.9830 0.1310 0.2043
5.9699 6.0069 2.0729 2.0233 0.4118 -3.0066 -4.1739 -3.9881 -5.0051 -2.6928 -4.9837 -5.4525 -6.4785 -6.9963 -4.6062 -3.2315 -3.4259 -1.8431 -1.6255 -0.6996 -2.1658 0.5451 0.3005 2.3575 2.4839 3.9061 4.4769 3.8906 3.7084 3.7303 0.4718 3.6477 6.1642 2.5701 3.4864 4.7101 4.1363 5.6934 8.5558 7.1238 6.8845 6.8790 8.1023 9.0179 9.5762 11.6265 3.5995 3.6166 2.8166 2.0791 3.1986 4.5850 2.3602 1.3035 1.5094 1.9880 0.7699 0.6473 -1.1218 -0.0436 0.2178 0.0247 0.9388 1.2809 1.3544 0.9489 0.9252 0.8311 0.7555 0.4105
8.0752 4.3126 5.4168 2.5336 -1.3981 -1.2605 -3.0343 -5.5427 -6.0270 -6.4158 -8.2586 -6.3443 -8.9621 -7.5657 -4.6079 -4.7559 -0.3757 0.4879 -1.2263 -2.4578 -3.8341 -2.1383 0.8341 1.1821 1.3206 4.6677 5.0383 4.9516 2.7860 3.5795 2.2150 4.2680 6.0531 5.9268 3.7010 3.9583 4.4391 4.0402 4.2744 6.3817 8.3981 4.5280 8.9278 8.6924 11.5280 7.8539 6.7332 3.0941 0.2827 -0.7887 1.7648 2.5650 2.7320 2.1380 2.3090 1.6616 1.9234 1.4450 -1.0892 0.2886 0.6322 1.3358 1.2712 1.3280 1.6913 1.0375 1.1369 1.0249 1.1458 0.6177
8.2064 8.1369 5.3807 4.1990 -0.2868 -2.4792 -7.5100 -7.3483 -6.3256 -6.7330 -7.4768 -8.2442 -5.6860 -6.7982 -4.8295 -3.2431 -2.5749 -1.4255 -0.7182 -2.7222 1.0883 -1.6808 -2.0310 0.9244 1.4116 0.0139 2.8952 2.6554 3.5856 3.7541 2.3533 4.9087 6.8719 7.2678 5.0762 4.4311 4.4943 2.0935 2.1994 4.6614 4.4911 4.2253 4.8466 6.5546 7.6638 6.6215 2.5551 1.4886 -1.1531 -0.5194 1.6525 1.0689 3.0189 2.4330 2.7444 2.4871 1.2980 1.8774 1.6749 0.7055 0.8997 1.6756 1.4519 1.5098 1.0292 0.8148 0.7565 0.7200 0.4810 0.6363
8.7854 9.0585 7.2869 3.7169 1.5376 -1.1788 -3.8846 -7.6671 -7.7623 -9.0086 -8.0195 -6.7228 -5.1977 -4.0339 -3.2999 -3.3146 -2.2756 -2.4848 -0.7568 -3.1502 1.4744 -1.5096 -1.3591 -0.0301 1.9150 0.5959 -2.0608 1.6660 1.6991 3.9045 2.9984 4.5446 5.3727 5.6951 4.9879 5.3945 3.4843 2.3663 2.2391 4.8934 3.4014 3.9325 4.1594 4.8736 3.4502 3.8528 1.5034 1.3227 -0.5347 -0.3818 2.1599 1.6660 3.1181 2.5828 2.6724 2.4627 2.7433 2.7965 2.8204 2.6667 0.9251 1.2519 1.4948 1.5112 0.7914 0.8559 0.4852 -0.0008 -0.2918 0.1289
8.0916 8.1984 4.7337 3.1488 2.3902 -0.3334 -3.2378 -3.1940 -8.7947 -9.2081 -8.4802 -6.9885 -4.5029 -2.2814 -3.7833 -4.0438 -4.3615 -2.7670 -0.8504 -2.8156 -0.4257 0.1564 -1.1789 -1.2280 0.9963 -1.2400 -0.7216 -0.7474 1.9363 1.9621 0.4267 4.7417 5.5961 5.6576 5.7906 4.1230 4.1501 3.2837 2.1889 2.8788 4.2826 3.0649 4.2627 4.9375 4.0419 4.1125 1.5745 0.8551 0.5749 0.2684 3.2854 2.4542 3.4070 3.2350 3.2046 3.2417 2.9525 3.4626 2.9755 3.0141 3.1850 1.2506 1.5784 1.6212 0.3695 0.3564 0.1108 0.4033 0.2325 0.3254
8.5467 8.9006 5.0803 2.7894 2.1052 -2.1318 -1.6844 -4.4880 -6.6033 -6.9840 -7.2007 -6.9905 -3.6506 -2.3175 -2.1293 -4.5764 -2.7367 -0.9230 -0.8129 -1.1351 0.3434 0.2528 0.3509 -0.9710 -1.1976 -1.8037 -0.8477 -3.0749 -2.7919 0.2924 -1.5318 0.4518 6.1792 3.9643 4.0096 3.8413 6.2379 4.6996 1.7050 5.2082 4.1628 3.2483 2.2037 5.2730 4.4639 4.3381 1.6868 1.2314 1.5091 2.1926 3.0851 2.6993 3.9999 3.4957 3.9934 3.8204 3.3161 3.3638 3.3551 2.8968 0.9424 1.1162 1.2328 1.0949 0.0670 0.2795 -0.1331 0.4891 0.4230 -0.4518
9.7370 9.0711 5.0272 2.9774 2.0220 0.7402 -4.4709 -2.7320 -3.8691 -5.2991 -5.5782 -5.6909 -3.9722 -3.8157 -0.8020 -3.2218 -1.4078 0.5158 0.7237 0.7487 0.4725 1.0404 0.2314 -1.0004 -4.9427 -4.0647 -2.5417 -3.1005 -3.0653 -3.0045 -0.0748 0.2670 0.9219 1.1036 3.6004 6.1479 4.9233 4.6891 6.4296 5.4750 4.9561 4.5826 2.9527 1.0183 4.5530 4.5208 2.0448 1.8796 1.4146 2.3741 4.7636 3.9400 3.9246 3.8753 4.2656 4.0927 4.0104 3.9375 1.7544 1.8724 1.2326 1.0989 1.1967 0.5682 0.2875 -0.7860 -0.2373 -0.1717 -0.0909 0.1402
6.0725 3.9903 0.1202 -0.4164 0.2862 -0.8900 -2.8695 -1.7929 -0.4670 -1.0016 -2.9720 -4.5540 -3.6541 -2.6129 -0.7238 0.4874 0.1861 0.4506 0.8354 -1.2445 1.5873 1.1396 -1.6488 -4.7887 -5.2066 -4.4704 -2.8038 -2.8240 -3.1592 -3.2623 -2.9313 1.0291 0.8193 -1.9565 0.8986 4.2315 5.0804 5.7483 6.1183 9.4115 6.8560 5.8350 4.0648 1.9084 5.6624 5.5103 2.6772 2.4199 3.0756 2.6608 4.8527 6.2492 3.6912 4.8581 4.5137 4.4654 2.2690 1.9399 1.7045 1.6663 1.3911 1.2776 1.4147 0.7653 0.5260 -0.2398 -0.3645 -0.3783 0.1655 0.1841
10.5567 7.6252 0.7075 0.4383 0.5383 -0.9970 -2.2738 0.4032 0.5462 -2.8693 -2.6252 -0.5356 -0.4648 -0.0568 -1.6592 2.5963 2.8550 3.2178 3.5625 1.5924 2.2009 1.2779 -0.0132 -2.6547 -2.6696 -3.7060 -2.1739 -3.2650 -3.8681 -3.2940 -2.5697 -0.4624 0.7114 -1.8111 0.7332 1.2441 6.1851 6.3439 6.5688 9.1353 7.9493 7.6803 5.9434 2.5037 3.3087 5.3343 5.5266 2.8659 3.1988 3.3868 6.3563 6.1500 7.3627 5.0736 5.0120 2.9555 2.6549 2.2850 2.0764 1.8898 1.7432 1.5088 1.3248 0.8950 1.0536 0.7229 -0.7644 -0.0197 0.5703 0.4441
